STATIONS_ID;MESS_DATUM;QN_3;  FX;  FM;QN_4; RSK;RSKF; SDK;SHK_TAG;  NM; VPM;  PM; TMK; UPM; TXK; TNK; TGK;eor
       3987;20200829;   10;   8.0;   3.0;    3;   0.0;   0;    5.733;   0;   7.2;  12.9;  992.95;   18.4;   63.04;   24.4;   13.7;   12.2;eor
       3987;20200830;   10;  10.7;   2.2;    3;  20.1;   6;    4.917;   0;   6.9;  15.0;  996.27;   17.3;   78.04;   23.9;   12.7;    9.9;eor
       3987;20200831;   10;  10.0;   2.7;    3;   1.6;   6;    6.000;   0;   6.3;  15.0; 1003.14;   16.4;   81.88;   22.7;   12.1;   10.1;eor
       3987;20200901;   10;   8.7;   2.6;    3;   0.0;   0;    5.583;   0;   6.2;  12.1; 1005.90;   14.6;   74.83;   19.4;   10.3;    7.7;eor
       3987;20200902;   10;   8.1;   3.1;    3;   2.8;   6;    0.550;   0;   7.5;  13.5; 1004.97;   14.0;   84.67;   18.2;   10.6;    8.3;eor
       3987;20200903;   10;  12.3;   3.8;    3;   7.9;   6;    8.533;   0;   5.9;  13.2; 1006.81;   16.9;   71.75;   23.2;   11.2;    9.5;eor
       3987;20200904;   10;  10.8;   4.0;    3;   0.2;   6;    3.283;   0;   7.5;  17.6; 1007.38;   17.8;   86.79;   23.0;   14.8;   14.9;eor
       3987;20200905;   10;   9.0;   3.6;    3;   0.5;   6;    0.017;   0;   7.4;  15.4; 1004.55;   15.5;   86.83;   17.8;   12.6;   10.3;eor
       3987;20200906;   10;  11.1;   3.8;    3;   0.0;   6;    9.717;   0;   4.0;  11.4; 1006.49;   14.4;   71.75;   19.7;   10.3;    7.9;eor
       3987;20200907;   10;   9.9;   3.5;    3;   0.0;   0;    7.800;   0;   3.8;  11.4; 1010.97;   14.5;   70.79;   20.7;   10.9;    8.5;eor
       3987;20200908;   10;  13.5;   5.1;    3;   0.0;   0;    4.450;   0;   6.4;  12.9; 1012.13;   16.7;   69.21;   23.2;   10.3;    7.6;eor
       3987;20200909;   10;  12.7;   4.2;    3;   1.3;   6;    3.900;   0;   6.3;  16.6; 1007.86;   19.5;   74.96;   26.1;   13.8;   11.0;eor
       3987;20200910;   10;   9.1;   3.4;    3;   0.0;   0;    7.817;   0;   3.9;  11.5; 1008.87;   14.7;   70.79;   19.9;   10.8;    7.2;eor
       3987;20200911;   10;   6.8;   2.8;    3;   0.0;   0;   11.067;   0;   3.8;  10.8; 1006.19;   16.1;   61.58;   22.7;    9.9;    6.5;eor
       3987;20200912;   10;  11.6;   4.2;    3;   0.0;   0;   11.133;   0;   3.3;  12.6; 1006.54;   18.4;   62.29;   27.0;   11.6;    7.9;eor
       3987;20200913;   10;   8.1;   3.7;    3;   0.0;   0;    9.800;   0;   5.5;  13.0; 1013.45;   17.6;   67.29;   24.7;   10.9;    8.4;eor
       3987;20200914;   10;   7.6;   2.7;    3;   0.0;   0;   11.267;   0;   4.3;  14.7; 1014.71;   21.6;   59.00;   30.3;   14.0;   10.3;eor
       3987;20200915;   10;   8.5;   4.0;    3;   0.0;   0;   11.633;   0;   5.5;  16.3; 1009.12;   23.2;   60.92;   31.7;   15.3;   13.3;eor
       3987;20200916;   10;  10.8;   3.6;    3;   0.0;   0;    8.900;   0;   3.4;  16.1; 1005.67;   21.8;   64.29;   30.0;   15.2;   13.2;eor
       3987;20200917;   10;   9.1;   3.6;    3;   0.0;   0;   11.217;   0;   1.9;   9.6; 1015.55;   14.2;   61.54;   19.5;    7.4;    4.0;eor
       3987;20200918;   10;   8.2;   3.2;    3;   0.0;   0;   12.133;   0;   4.3;   7.9; 1017.04;   12.5;   58.63;   20.7;    6.5;    2.9;eor
       3987;20200919;   10;   8.7;   4.5;    3;   0.0;   0;   10.583;   0;   6.0;   8.2; 1011.27;   13.9;   54.83;   22.0;    6.9;    2.5;eor
       3987;20200920;   10;   8.5;   4.4;    3;   0.0;   0;   11.550;   0;   3.6;   9.3; 1007.68;   15.3;   56.42;   23.9;    9.1;    5.0;eor
       3987;20200921;   10;   6.5;   3.8;    3;   0.0;   0;   11.417;   0;   0.0;  10.7; 1005.50;   16.6;   58.92;   25.3;    9.3;    5.2;eor
       3987;20200922;   10;   7.9;   3.2;    3;   0.0;   0;   10.967;   0;   0.4;  12.2;  998.79;   18.7;   59.21;   26.7;   11.0;    7.7;eor
       3987;20200923;   10;   7.2;   3.2;    3;   0.0;   0;    8.767;   0;   3.5;  13.0;  993.41;   19.7;   58.71;   26.8;   13.8;   11.4;eor
       3987;20200924;   10;  12.6;   4.7;    3;  12.6;   6;    4.400;   0;   7.2;  11.6;  992.15;   17.2;   59.83;   22.1;   12.6;   11.6;eor
       3987;20200925;   10;   9.9;   3.0;    3;   3.4;   6;    1.733;   0;   7.1;  12.8;  985.92;   12.6;   87.63;   15.3;   10.7;    8.7;eor
       3987;20200926;   10;  14.6;   4.8;    3;  22.3;   6;    0.000;   0;   7.9;  11.1;  983.16;    9.5;   93.46;   11.1;    7.8;    7.9;eor
       3987;20200927;   10;   6.9;   2.4;    3;   0.2;   6;    0.850;   0;   7.9;  10.2;  992.42;    9.1;   88.29;   12.8;    5.9;    5.9;eor
       3987;20200928;   10;   7.6;   2.9;    3;   0.0;   6;   10.700;   0;   5.2;  10.8;  999.65;   12.9;   74.17;   18.7;    8.2;    6.7;eor
       3987;20200929;   10;   4.7;   1.8;    3;   0.0;   0;    4.933;   0;   5.0;  11.2; 1004.26;   13.4;   73.75;   18.8;   10.1;    6.9;eor
       3987;20200930;   10;   4.3;   2.0;    3;   0.0;   0;   10.883;   0;   1.1;  11.9; 1003.85;   13.3;   79.79;   19.8;    8.1;    5.0;eor
       3987;20201001;   10;   7.4;   2.9;    3;   0.0;   0;    7.150;   0;   4.2;  12.7;  995.20;   12.8;   86.63;   18.2;    9.0;    5.6;eor
       3987;20201002;   10;  13.3;   5.0;    3;   0.0;   0;    1.167;   0;   6.6;  13.3;  989.30;   13.2;   88.13;   18.0;   10.2;    7.3;eor
       3987;20201003;   10;  13.0;   5.6;    3;   0.0;   6;    6.567;   0;   6.6;  14.6;  982.35;   16.4;   79.21;   22.3;   12.5;   12.2;eor
       3987;20201004;   10;  12.2;   3.9;    3;   0.0;   0;    5.533;   0;   4.2;  10.5;  987.19;   13.1;   71.25;   18.8;    7.9;    5.8;eor
       3987;20201005;   10;   8.3;   4.1;    3;   1.8;   6;    0.300;   0;   6.5;  11.0;  991.92;   10.0;   89.54;   13.1;    7.0;    3.9;eor
       3987;20201006;   10;  11.9;   5.0;    3;   0.6;   6;    2.367;   0;   5.6;  11.5;  990.84;   11.6;   84.50;   16.2;    7.8;    5.9;eor
       3987;20201007;   10;  10.5;   4.3;    3;   3.8;   6;    3.083;   0;   6.4;  12.4;  996.24;   11.8;   89.79;   15.7;    9.6;    8.1;eor
       3987;20201008;   10;  12.3;   5.1;    3;   5.5;   6;    3.150;   0;   6.2;  12.2; 1003.34;   11.7;   88.67;   14.4;    7.8;    5.0;eor
       3987;20201009;   10;  12.4;   3.2;    3;   2.8;   6;    0.450;   0;   6.8;  13.2; 1004.90;   12.4;   91.46;   15.1;   10.0;    8.5;eor
       3987;20201010;   10;  10.0;   3.9;    3;   0.0;   0;    2.800;   0;   5.3;  10.2; 1005.20;    9.3;   86.75;   12.3;    4.4;    2.1;eor
       3987;20201011;   10;   8.3;   3.9;    3;   0.0;   6;    3.600;   0;   5.0;   8.7; 1005.69;    7.3;   84.50;   11.4;    3.7;    1.7;eor
       3987;20201012;   10;   6.0;   3.0;    3;   0.0;   6;    2.100;   0;   4.7;   9.4; 1005.07;    7.9;   88.04;   11.5;    5.0;    1.3;eor
       3987;20201013;   10;   9.9;   2.4;    3;   0.3;   6;    5.300;   0;   5.9;   9.3; 1003.00;    7.9;   87.29;   12.3;    3.2;    0.4;eor
       3987;20201014;   10;  14.6;   5.7;    3;  16.3;   6;    0.000;   0;   7.9;  10.9;  997.32;    9.3;   92.96;    9.7;    8.9;    8.3;eor
       3987;20201015;   10;  10.8;   4.5;    3;   2.3;   6;    0.000;   0;   7.6;  11.6; 1003.70;    9.6;   97.04;   10.2;    9.0;    8.9;eor
       3987;20201016;   10;   8.5;   3.2;    3;   0.2;   6;    0.567;   0;   7.4;  10.3; 1007.50;    8.6;   92.54;   11.1;    7.4;    6.6;eor
       3987;20201017;   10;   6.0;   2.2;    3;   0.0;   6;    3.200;   0;   6.7;   9.7; 1006.29;    8.9;   85.75;   12.3;    6.4;    4.2;eor
       3987;20201018;   10;  13.8;   5.6;    3;   2.8;   6;    0.000;   0;   7.3;   9.8; 1005.58;    7.4;   95.21;    9.2;    5.5;    3.5;eor
       3987;20201019;   10;   8.0;   3.4;    3;   0.0;   0;    2.200;   0;   6.5;   9.7; 1009.70;    8.0;   90.21;   11.3;    5.1;    2.0;eor
       3987;20201020;   10;  12.5;   4.4;    3;   3.7;   6;    1.200;   0;   7.3;   9.5; 1003.57;    7.9;   88.58;   11.7;    2.9;    1.8;eor
       3987;20201021;   10;  13.1;   4.7;    3;   0.3;   6;    0.000;   0;   7.5;  11.7;  997.26;   11.4;   86.58;   15.6;    9.3;    9.1;eor
       3987;20201022;   10;  12.0;   5.4;    3;   0.0;   6;    3.683;   0;   5.3;  13.5;  999.88;   15.1;   78.42;   18.3;   13.1;   10.0;eor
       3987;20201023;   10;  11.1;   3.0;    3;   5.3;   6;    0.700;   0;   7.5;  14.2;  999.52;   13.4;   92.63;   16.2;   11.6;    8.3;eor
       3987;20201024;   10;  10.5;   4.1;    3;   0.0;   0;    6.017;   0;   5.4;  12.8; 1000.89;   12.2;   90.08;   16.1;    9.4;    7.6;eor
       3987;20201025;   10;  11.2;   5.2;    3;   0.0;   6;    5.867;   0;   6.3;  11.4;  995.98;   12.0;   81.50;   16.9;    9.4;    7.5;eor
       3987;20201026;   10;   8.6;   3.3;    3;   0.7;   6;    0.383;   0;   7.9;  11.7;  991.99;   10.6;   91.50;   12.7;    7.8;    5.8;eor
       3987;20201027;   10;  11.9;   4.9;    3;   0.0;   6;    2.433;   0;   6.9;   9.4;  996.40;    9.1;   82.17;   12.4;    6.6;    4.7;eor
       3987;20201028;   10;  12.1;   5.1;    3;   2.2;   6;    2.317;   0;   7.0;  10.1;  997.43;    9.8;   82.92;   13.2;    7.8;    4.8;eor
       3987;20201029;   10;  14.2;   5.7;    3;   2.7;   6;    2.650;   0;   7.1;   9.9; 1000.56;    9.3;   84.46;   11.5;    7.0;    4.5;eor
       3987;20201030;   10;  13.0;   5.4;    3;  15.0;   6;    0.000;   0;   7.8;  12.9; 1004.12;   10.9;   97.13;   13.1;    7.2;    6.3;eor
       3987;20201031;   10;   8.7;   3.3;    3;   2.3;   6;    0.000;   0;   7.9;  14.9; 1008.50;   13.2;   97.54;   14.5;   10.9;    8.9;eor
       3987;20201101;   10;  10.4;   4.2;    3;   8.0;   6;    0.783;   0;   7.5;  13.4; 1002.02;   12.1;   94.58;   14.8;    9.7;    8.4;eor
       3987;20201102;   10;  14.0;   5.6;    3;   6.8;   6;    2.750;   0;   7.0;  16.3;  998.43;   16.3;   88.50;   19.6;   13.9;   13.4;eor
       3987;20201103;   10;  12.0;   3.9;    3;   0.0;   0;    5.783;   0;   6.1;  10.4; 1008.97;   11.4;   76.92;   14.1;    9.4;    7.4;eor
       3987;20201104;   10;   9.5;   4.6;    3;   0.0;   0;    6.983;   0;   3.0;   8.5; 1017.57;    7.7;   81.83;   11.2;    3.9;    0.2;eor
       3987;20201105;   10;   9.4;   4.7;    3;   0.0;   6;    7.900;   0;   3.4;   8.6; 1023.74;    6.5;   89.13;   10.3;    2.7;   -0.8;eor
       3987;20201106;   10;   8.5;   3.5;    3;   0.0;   0;    0.000;   0;   8.0;  10.2; 1021.65;    8.5;   91.75;    9.4;    7.8;    7.3;eor
       3987;20201107;   10;   6.2;   2.7;    3;   0.0;   0;    5.633;   0;   3.5;   8.8; 1015.71;    7.1;   87.92;   11.5;    3.6;   -0.3;eor
       3987;20201108;   10;   7.4;   2.9;    3;   0.0;   0;    7.600;   0;   2.2;   7.9; 1013.16;    5.0;   90.71;   10.6;    2.0;   -0.1;eor
       3987;20201109;   10;   8.3;   3.6;    3;   0.0;   6;    0.000;   0;   8.0;   8.6; 1015.38;    5.4;   95.88;    6.1;    4.8;    4.9;eor
       3987;20201110;   10;   7.6;   2.8;    3;   0.0;   6;    0.000;   0;   8.0;   8.2; 1016.88;    5.1;   93.00;    5.8;    4.1;    4.1;eor
       3987;20201111;   10;   5.3;   1.9;    3;   0.0;   0;    0.000;   0;   7.8;   7.9; 1014.29;    5.8;   85.46;    7.0;    4.5;    3.1;eor
       3987;20201112;   10;   8.8;   3.5;    3;   0.0;   6;    3.733;   0;   6.3;   8.8; 1008.41;    7.4;   85.88;   10.8;    5.5;    2.0;eor
       3987;20201113;   10;   7.4;   4.0;    3;   0.3;   6;    7.267;   0;   5.4;   9.3; 1007.04;    7.6;   89.29;   12.2;    4.9;    1.9;eor
       3987;20201114;   10;   8.9;   3.8;    3;   0.0;   0;    0.967;   0;   7.3;  11.9; 1005.93;   11.2;   89.96;   14.5;    8.9;    6.4;eor
       3987;20201115;   10;  13.2;   5.2;    3;   1.2;   6;    4.517;   0;   6.9;   9.3; 1000.61;    9.6;   77.75;   13.8;    6.8;    4.7;eor
       3987;20201116;   10;  11.2;   4.6;    3;   0.1;   6;    2.150;   0;   7.0;   9.9; 1000.99;    9.0;   86.13;   12.1;    6.6;    4.1;eor
       3987;20201117;   10;  11.3;   4.8;    3;   0.3;   6;    1.083;   0;   7.2;  10.7; 1010.90;    9.3;   90.92;   10.7;    6.0;    3.0;eor
       3987;20201118;   10;  12.9;   4.5;    3;   0.0;   6;    0.000;   0;   6.2;  10.2; 1011.17;   10.3;   81.29;   12.3;    7.7;    5.3;eor
       3987;20201119;   10;  15.8;   6.6;    3;   1.1;   6;    0.900;   0;   5.6;   8.4; 1004.46;    8.5;   75.92;   11.1;    2.9;    0.6;eor
       3987;20201120;   10;  10.9;   4.6;    3;   0.1;   6;    2.650;   0;   2.0;   6.5; 1018.06;    2.5;   88.79;    5.6;   -0.2;   -3.2;eor
       3987;20201121;   10;  13.4;   5.7;    3;   0.0;   6;    0.700;   0;   6.2;   6.0; 1017.62;    3.1;   80.38;    6.4;   -1.1;   -3.7;eor
       3987;20201122;   10;  12.4;   5.7;    3;   0.0;   6;    1.000;   0;   7.8;   8.4; 1010.52;    7.2;   81.67;    9.8;    5.3;    2.2;eor
       3987;20201123;   10;  12.5;   5.4;    3;   0.0;   0;    3.950;   0;   4.1;   7.8; 1013.10;    5.2;   87.75;    8.4;    2.1;   -1.9;eor
       3987;20201124;   10;   9.1;   4.1;    3;   0.0;   0;    6.717;   0;   4.4;   6.6; 1012.83;    2.4;   90.67;    7.6;   -0.2;   -3.0;eor
       3987;20201125;   10;   8.0;   3.4;    3;   0.0;   0;    0.000;   0;   6.6;   6.3; 1007.68;    0.9;   96.33;    2.8;   -0.7;   -3.2;eor
       3987;20201126;   10;   7.4;   3.9;    3;   0.2;   6;    0.000;   0;   6.6;   8.0; 1008.02;    3.9;   97.13;    6.8;   -0.4;   -3.0;eor
       3987;20201127;   10;   5.2;   1.8;    3;   0.3;   6;    2.167;   0;   7.1;   8.8; 1009.92;    5.7;   95.13;    8.5;    2.4;   -0.1;eor
       3987;20201128;   10;   5.3;   1.7;    3;   0.0;   6;    0.000;   0;   7.3;   6.4; 1012.83;    3.1;   83.67;    4.5;    0.6;   -2.5;eor
       3987;20201129;   10;   5.3;   2.5;    3;   0.3;   6;    0.100;   0;   5.9;   6.3; 1014.10;    1.3;   93.04;    4.0;   -1.0;   -3.9;eor
       3987;20201130;   10;   7.4;   2.9;    3;   0.0;   8;    0.000;   0;   7.5;   5.7; 1010.73;    1.0;   87.63;    2.2;   -0.6;   -3.1;eor
       3987;20201201;   10;   8.3;   3.0;    3;   0.0;   0;    0.000;   0;   7.0;   5.8; 1005.02;    2.0;   82.33;    3.7;   -1.6;   -2.4;eor
       3987;20201202;   10;   7.0;   3.3;    3;   0.0;   0;    5.383;   0;   2.8;   4.9; 1006.95;   -1.6;   91.29;    2.1;   -4.2;   -5.2;eor
       3987;20201203;   10;  10.1;   4.2;    3;   0.0;   7;    0.000;   0;   7.8;   4.5;  994.08;   -1.3;   81.63;    0.7;   -3.6;   -3.9;eor
       3987;20201204;   10;   9.4;   4.2;    3;   0.0;   0;    0.217;   0;   7.6;   5.3;  983.51;   -0.2;   87.42;    3.5;   -3.8;   -5.4;eor
       3987;20201205;   10;  11.2;   4.0;    3;   0.0;   0;    2.017;   0;   7.5;   6.1;  988.19;    2.6;   83.08;    6.8;   -0.7;   -2.8;eor
       3987;20201206;   10;  11.3;   5.2;    3;   0.0;   0;    1.983;   0;   7.8;   8.4;  988.98;    6.4;   86.63;   10.2;    3.4;    0.4;eor
       3987;20201207;   10;  12.1;   4.1;    3;   0.0;   6;    1.367;   0;   7.2;   7.4;  989.66;    5.4;   82.92;    7.5;    2.3;   -1.8;eor
       3987;20201208;   10;   9.9;   4.2;    3;   0.5;   6;    5.083;   0;   5.4;   6.9;  994.97;    3.3;   89.54;    6.1;    0.8;   -0.4;eor
       3987;20201209;   10;  10.1;   5.1;    3;   0.1;   8;    0.000;   0;   8.0;   6.4;  998.33;    1.6;   94.08;    2.3;    0.6;    0.6;eor
       3987;20201210;   10;  10.0;   3.7;    3;   0.0;   7;    0.000;   0;   7.9;   5.6;  997.15;   -0.6;   95.50;    0.6;   -1.2;   -1.0;eor
       3987;20201211;   10;  11.8;   4.3;    3;   0.0;   0;    0.000;   0;   8.0;   5.5;  991.25;   -0.3;   92.46;    1.0;   -1.3;   -1.1;eor
       3987;20201212;   10;   8.7;   4.2;    3;   0.0;   8;    0.050;   0;   8.0;   6.0;  989.71;    0.5;   93.67;    1.5;   -1.3;   -2.1;eor
       3987;20201213;   10;   4.9;   2.1;    3;   0.0;   6;    0.000;   0;   8.0;   7.2;  998.71;    2.7;   96.92;    3.7;    1.4;    1.3;eor
       3987;20201214;   10;  11.7;   3.9;    3;   0.0;   6;    1.550;   0;   7.9;   7.8; 1001.27;    4.9;   90.38;    7.4;    2.0;    1.3;eor
       3987;20201215;   10;  10.1;   3.9;    3;   0.6;   6;    0.033;   0;   8.0;   7.5; 1000.67;    5.5;   82.21;    7.3;    3.0;    0.9;eor
       3987;20201216;   10;   8.0;   2.8;    3;   0.0;   0;    0.833;   0;   6.6;   9.7; 1007.82;    7.3;   94.21;    9.2;    3.6;    2.0;eor
       3987;20201217;   10;  11.2;   4.3;    3;   1.1;   6;    2.633;   0;   6.8;   7.8; 1008.29;    4.9;   90.21;    7.6;    1.5;   -0.1;eor
       3987;20201218;   10;   8.8;   4.2;    3;   0.0;   0;    6.183;   0;   5.7;   7.8; 1011.75;    4.8;   90.67;    8.2;    0.8;   -0.9;eor
       3987;20201219;   10;  10.2;   4.7;    3;   0.0;   0;    7.150;   0;   2.5;   6.6; 1008.15;    3.1;   87.29;    6.6;    0.5;   -1.1;eor
       3987;20201220;   10;   9.6;   3.9;    3;   1.6;   6;    3.800;   0;   7.8;   6.5; 1008.57;    3.6;   82.29;    5.9;    0.8;   -1.0;eor
       3987;20201221;   10;  10.8;   4.3;    3;   5.6;   6;    5.700;   0;   5.6;   7.8; 1008.42;    4.1;   94.75;    6.1;    2.5;   -0.1;eor
       3987;20201222;   10;  15.7;   6.0;    3;   1.4;   6;    0.433;   0;   7.5;  10.6;  998.35;    9.0;   91.25;   13.0;    5.3;    4.1;eor
       3987;20201223;   10;  10.6;   3.0;    3;   5.0;   6;    0.000;   0;   7.8;   9.3;  999.54;    7.0;   92.63;    9.8;    5.7;    5.4;eor
       3987;20201224;   10;  16.0;   5.7;    3;   1.4;   6;    0.350;   0;   7.2;   8.7;  993.39;    5.8;   93.21;    9.9;    2.5;    2.6;eor
       3987;20201225;   10;   9.7;   4.1;    3;   0.3;   8;    0.000;   0;   7.8;   6.3; 1005.56;    2.0;   88.04;    3.5;    0.2;   -1.2;eor
       3987;20201226;   10;  12.1;   4.3;    3;   0.0;   8;    0.000;   0;   7.8;   5.5; 1007.01;    0.4;   87.63;    2.1;   -1.8;   -3.3;eor
       3987;20201227;   10;  20.6;   6.8;    3;   0.0;   6;    0.133;   0;   8.0;   4.3;  986.10;    1.2;   64.67;    2.1;    0.2;   -1.0;eor
       3987;20201228;   10;  10.4;   3.9;    3;   2.3;   8;    1.550;   0;   7.8;   5.7;  972.11;    1.9;   80.75;    4.0;    0.1;   -0.8;eor
       3987;20201229;   10;  10.4;   4.1;    3;   0.0;   6;    1.917;   0;   7.2;   6.3;  976.56;    1.4;   93.25;    3.5;   -0.9;   -3.2;eor
       3987;20201230;   10;   9.6;   4.5;    3;   0.0;   6;    5.500;   0;   3.5;   6.0;  989.20;    1.5;   88.21;    4.5;   -1.1;   -3.9;eor
       3987;20201231;   10;   8.6;   4.0;    3;   0.0;   8;    2.817;   0;   7.8;   5.9;  993.42;    2.0;   84.38;    4.1;    0.0;   -2.4;eor
       3987;20210101;   10;   6.9;   2.8;    3;   0.3;   8;    0.000;   0;   7.8;   6.3;  995.49;    1.6;   91.46;    2.7;    0.6;   -0.3;eor
       3987;20210102;   10;   6.8;   2.7;    3;   0.1;   8;    0.000;   0;   6.9;   5.8; 1002.20;    0.6;   91.71;    3.0;   -1.8;   -3.8;eor
       3987;20210103;   10;  10.2;   4.6;    3;   6.9;   8;    0.000;   0;   7.7;   5.9; 1002.71;    0.2;   94.46;    1.1;   -1.7;   -2.3;eor
       3987;20210104;   10;   7.4;   3.6;    3;   0.4;   8;    0.000;   4;   7.8;   6.1; 1004.56;    0.4;   96.67;    0.5;    0.2;    0.0;eor
       3987;20210105;   10;   7.6;   3.4;    3;   1.3;   8;    0.000;   2;   8.0;   6.4; 1004.02;    1.2;   95.75;    2.3;    0.4;    0.0;eor
       3987;20210106;   10;   9.0;   4.0;    3;   0.5;   8;    0.000;   0;   7.5;   6.6;  998.55;    1.4;   96.92;    2.7;    0.1;    0.1;eor
       3987;20210107;   10;  10.0;   4.3;    3;   0.0;   8;    0.000;   0;   7.6;   5.8;  997.70;    0.6;   91.83;    1.3;    0.0;   -0.5;eor
       3987;20210108;   10;   7.2;   2.8;    3;   0.5;   8;    0.000;   0;   7.9;   5.9;  999.86;    0.2;   95.29;    1.0;   -0.5;   -1.2;eor
       3987;20210109;   10;   6.6;   2.7;    3;   0.1;   8;    0.000;   0;   7.9;   6.3; 1007.51;    0.8;   97.75;    1.8;   -0.2;   -0.4;eor
       3987;20210110;   10;   8.1;   3.1;    3;   0.1;   8;    0.367;   0;   7.9;   5.6; 1011.25;   -0.2;   91.96;    1.1;   -1.8;   -3.4;eor
       3987;20210111;   10;  13.9;   4.9;    3;   2.3;   8;    0.000;   0;   7.8;   5.1; 1004.41;    0.2;   83.08;    1.1;   -1.6;   -2.8;eor
       3987;20210112;   10;  14.4;   6.3;    3;   1.6;   8;    0.000;   1;   6.9;   6.2;  991.56;    1.0;   94.08;    2.9;   -0.4;   -1.9;eor
       3987;20210113;   10;  16.9;   7.0;    3;   5.1;   8;    0.000;   0;   6.9;   5.8;  993.72;    1.0;   88.79;    3.2;   -0.7;   -3.2;eor
       3987;20210114;   10;  14.5;   4.4;    3;   0.0;   8;    0.900;   4;   7.8;   5.8; 1002.06;    0.8;   90.21;    2.7;   -0.7;   -2.0;eor
       3987;20210115;   10;  11.0;   3.6;    3;   0.2;   8;    0.000;   2;   7.5;   4.8; 1011.05;   -0.8;   83.04;    0.8;   -3.2;   -6.1;eor
       3987;20210116;   10;  10.1;   4.1;    3;   0.0;   7;    0.017;   2;   7.8;   3.9; 1010.52;   -2.2;   75.67;   -1.2;   -3.4;   -6.7;eor
       3987;20210117;   10;   6.1;   1.8;    3;   0.0;   7;    0.000;   2;   7.0;   4.0; 1007.70;   -3.3;   83.58;   -0.4;   -5.5;   -9.6;eor
       3987;20210118;   10;  11.5;   3.7;    3;   5.9;   8;    0.000;   2;   7.8;   5.2; 1006.31;   -1.6;   93.38;    1.9;   -6.4;   -8.4;eor
       3987;20210119;   10;  11.7;   5.5;    3;   7.1;   8;    0.000;   1;   7.6;   6.8;  996.44;    1.9;   96.29;    4.6;    0.2;    0.0;eor
       3987;20210120;   10;  13.7;   5.7;    3;   0.2;   6;    0.483;   1;   8.0;   6.9;  990.77;    5.2;   78.46;    7.9;    2.7;    0.9;eor
       3987;20210121;   10;  17.7;   6.2;    3;   1.1;   6;    3.100;   0;   7.8;   7.0;  984.59;    8.0;   65.63;   12.6;    4.4;    0.4;eor
       3987;20210122;   10;  18.0;   5.8;    3;   0.5;   6;    0.350;   0;   7.1;   7.4;  981.02;    6.1;   78.17;   10.5;    0.6;   -2.5;eor
       3987;20210123;   10;   8.3;   2.7;    3;   3.5;   8;    0.000;   0;   7.4;   6.4;  985.00;    1.4;   94.63;    2.5;   -0.7;   -2.3;eor
       3987;20210124;   10;   6.4;   2.4;    3;   0.9;   8;    0.000;   0;   7.9;   6.2;  984.46;    0.5;   97.58;    1.4;   -0.8;   -1.8;eor
       3987;20210125;   10;   7.9;   3.3;    3;   0.0;   8;    0.717;   0;   7.6;   6.0;  990.98;    0.7;   92.50;    2.7;   -0.3;   -1.8;eor
       3987;20210126;   10;  11.5;   4.3;    3;   0.0;   8;    3.933;   0;   5.6;   5.4;  999.33;    0.2;   87.54;    2.6;   -2.8;   -4.9;eor
       3987;20210127;   10;   9.5;   3.8;    3;   0.2;   8;    5.383;   0;   7.0;   5.6; 1000.32;    1.1;   85.13;    4.6;   -1.6;   -3.9;eor
       3987;20210128;   10;   9.2;   3.4;    3;   0.0;   6;    0.000;   0;   7.9;   6.0;  992.09;    1.4;   87.21;    3.5;   -2.6;   -5.4;eor
       3987;20210129;   10;   8.1;   3.3;    3;   6.8;   7;    0.000;   0;   7.8;   4.7;  986.54;   -1.6;   86.13;    0.4;   -3.2;   -5.5;eor
       3987;20210130;   10;   7.9;   2.4;    3;   0.0;   8;    0.850;  11;   7.4;   5.0;  990.05;   -1.6;   92.13;    1.7;   -4.8;   -6.3;eor
       3987;20210131;   10;   6.8;   2.8;    3;   0.0;   0;    8.117;   8;   2.9;   3.7;  993.31;   -5.3;   90.50;    0.2;   -8.8;   -8.2;eor
       3987;20210201;   10;   9.9;   4.8;    3;   0.1;   8;    2.500;   7;   7.9;   3.5;  987.17;   -4.6;   80.38;    0.0;   -9.8;   -8.5;eor
       3987;20210202;   10;   7.1;   3.3;    3;   1.8;   8;    0.017;   6;   7.9;   6.0;  989.70;    0.7;   92.88;    2.5;   -1.3;   -0.8;eor
       3987;20210203;   10;  15.0;   4.1;    3;  10.1;   8;    0.917;   1;   7.8;   8.4;  986.07;    4.5;   97.79;    8.9;    0.9;    0.2;eor
       3987;20210204;   10;  12.0;   3.4;    3;   0.9;   8;    0.000;   0;   7.9;   6.2;  999.38;    0.6;   96.42;    2.0;   -0.1;   -0.1;eor
       3987;20210205;   10;  11.4;   5.4;    3;   1.4;   8;    0.000;   0;   7.7;   5.4; 1005.86;   -0.5;   91.79;    0.7;   -1.4;   -1.6;eor
       3987;20210206;   10;  15.2;   7.1;    3;   0.0;   7;    0.000;   1;   8.0;   4.0; 1005.65;   -2.1;   76.25;   -0.8;   -4.4;   -4.5;eor
       3987;20210207;   10;  18.6;   8.9;    3;   4.8;   7;    0.000;   1;   7.2;   2.8;  997.94;   -6.3;   72.63;   -4.4;   -7.8;   -7.6;eor
       3987;20210208;   10;  15.6;   5.3;    3;   4.6;   7;    0.000;   4;   7.7;   2.4;  991.74;   -9.4;   79.46;   -6.6;  -12.8;   -7.6;eor
       3987;20210209;   10;   4.4;   1.6;    3;   0.1;   7;    0.000;  11;   7.5;   2.6;  994.00;   -9.4;   86.63;   -7.5;  -12.0;   -6.4;eor
       3987;20210210;   10;   4.5;   2.1;    3;   0.1;   7;    3.700;  12;   6.3;   2.7;  999.41;   -8.8;   86.54;   -4.4;  -12.3;   -5.4;eor
       3987;20210211;   10;   6.8;   2.8;    3;   0.0;   8;    1.717;  11;   7.5;   3.5; 1013.84;   -5.5;   85.50;   -1.9;   -8.7;   -4.4;eor
       3987;20210212;   10;   6.5;   2.4;    3;   0.0;   7;    8.400;   9;   3.4;   3.2; 1022.77;   -5.7;   82.00;   -1.4;  -10.3;   -7.5;eor
       3987;20210213;   10;   7.8;   3.4;    3;   0.0;   0;    7.567;   9;   1.0;   2.9; 1027.91;   -7.8;   85.33;   -1.5;  -12.9;   -7.9;eor
       3987;20210214;   10;   7.8;   2.9;    3;   0.0;   0;    7.450;   9;   4.5;   3.3; 1028.84;   -5.9;   83.13;   -0.6;   -9.7;   -7.5;eor
       3987;20210215;   10;   9.8;   4.3;    3;   4.5;   8;    3.650;   8;   7.4;   3.1; 1019.03;   -5.3;   75.00;    0.6;  -13.0;   -8.0;eor
       3987;20210216;   10;   7.5;   3.4;    3;   2.3;   6;    0.000;  12;   8.0;   6.6; 1005.53;    1.6;   96.46;    4.5;   -1.7;   -0.9;eor
       3987;20210217;   10;  14.2;   5.3;    3;   0.2;   6;    0.067;   7;   8.0;   7.7; 1002.36;    4.3;   92.63;    6.6;    2.4;    0.0;eor
       3987;20210218;   10;   9.8;   3.7;    3;   3.6;   6;    5.217;   1;   7.9;   7.6; 1004.55;    6.3;   80.38;   10.4;    3.4;    0.7;eor
       3987;20210219;   10;  11.6;   5.1;    3;   0.0;   0;    7.867;   0;   6.6;   7.4; 1004.56;    5.4;   82.42;    9.5;    1.3;   -1.3;eor
       3987;20210220;   10;  10.1;   4.3;    3;   0.0;   0;    7.817;   0;   7.8;   7.4; 1007.05;    6.3;   76.42;   12.6;   -0.2;   -1.1;eor
       3987;20210221;   10;  11.3;   4.6;    3;   0.0;   0;    9.583;   0;   3.2;   7.8; 1006.36;    9.1;   68.75;   16.7;    3.3;    0.4;eor
       3987;20210222;   10;   9.2;   3.7;    3;   0.0;   0;    9.800;   0;   0.3;   7.0; 1010.23;    6.6;   73.63;   13.6;    0.5;   -1.4;eor
       3987;20210223;   10;   8.5;   4.0;    3;   0.0;   0;    5.817;   0;   6.3;   8.9; 1018.63;   11.2;   67.29;   18.5;    5.6;    1.7;eor
       3987;20210224;   10;   9.0;   4.5;    3;   0.0;   0;    7.567;   0;   4.4;  10.5; 1019.00;   12.9;   71.67;   19.9;    8.2;    3.9;eor
       3987;20210225;   10;   8.1;   4.3;    3;   1.2;   6;    8.400;   0;   0.9;   9.7; 1014.62;   12.4;   69.38;   19.7;    7.7;    4.0;eor
       3987;20210226;   10;   9.4;   4.2;    3;   0.6;   6;    1.067;   0;   5.9;   8.5; 1016.99;    7.1;   83.96;   10.8;    3.0;    0.6;eor
       3987;20210227;   10;   9.6;   4.3;    3;   0.0;   0;    0.000;   0;   6.8;   6.9; 1024.27;    4.2;   83.79;    6.4;    0.8;   -2.4;eor
       3987;20210228;   10;   7.4;   3.6;    3;   0.0;   0;    0.933;   0;   5.8;   6.6; 1024.37;    1.7;   95.92;    3.4;   -0.6;   -3.0;eor
       3987;20210301;   10;   4.4;   2.4;    3;   0.0;   0;    4.433;   0;   4.4;   6.7; 1023.60;    3.3;   87.17;    7.8;   -0.6;   -3.9;eor
       3987;20210302;   10;   6.0;   1.3;    3;   0.0;   0;    5.500;   0;   3.8;   6.3; 1021.78;    2.7;   86.00;   10.6;   -2.4;   -3.3;eor
       3987;20210303;   10;   9.6;   3.7;    3;   0.0;   0;    8.183;   0;   2.9;   7.3; 1014.05;    7.0;   75.21;   15.3;   -1.4;   -3.6;eor
       3987;20210304;   10;   9.6;   3.9;    3;   0.0;   6;    0.000;   0;   7.3;   6.6; 1006.03;    3.1;   86.63;    5.7;    2.1;    0.3;eor
       3987;20210305;   10;   8.4;   3.1;    3;   0.0;   0;    9.800;   0;   3.1;   4.7; 1013.31;    1.7;   69.92;    6.5;   -2.2;   -6.3;eor
       3987;20210306;   10;  11.0;   4.5;    3;   0.0;   0;    2.883;   0;   4.9;   5.1; 1018.10;    0.9;   77.29;    3.8;   -4.0;   -7.8;eor
       3987;20210307;   10;  12.7;   5.8;    3;   0.7;   8;    0.050;   0;   7.9;   5.4; 1009.61;    2.7;   73.21;    4.2;    1.2;    0.5;eor
       3987;20210308;   10;   6.6;   2.5;    3;   0.0;   0;   10.883;   0;   5.1;   4.3; 1009.66;    1.7;   65.13;    6.4;   -2.6;   -5.7;eor
       3987;20210309;   10;   7.7;   3.3;    3;   0.0;   0;    7.450;   0;   7.6;   3.4; 1007.77;    1.1;   53.21;    7.1;   -3.3;   -4.6;eor
       3987;20210310;   10;  10.5;   4.0;    3;   1.3;   6;    9.350;   0;   5.8;   3.9; 1006.15;    1.8;   57.00;    8.7;   -3.4;   -4.9;eor
       3987;20210311;   10;  16.8;   6.6;    3;   5.8;   8;    2.250;   0;   7.0;   7.9;  988.32;    6.2;   82.50;   12.8;    2.4;    1.3;eor
       3987;20210312;   10;  17.3;   6.8;    3;   1.4;   6;    3.683;   0;   7.5;   6.8;  990.80;    6.5;   72.13;   10.4;    3.4;    2.5;eor
       3987;20210313;   10;  20.7;   6.4;    3;   7.1;   8;    1.000;   0;   6.1;   7.5;  984.62;    5.0;   86.25;   10.5;    2.3;    0.5;eor
       3987;20210314;   10;  18.9;   6.7;    3;   2.6;   6;    1.250;   0;   7.2;   7.3;  990.47;    4.3;   87.38;    7.7;    2.6;    1.1;eor
       3987;20210315;   10;  12.5;   4.9;    3;   9.5;   6;    0.850;   0;   6.8;   7.3;  994.68;    4.0;   89.79;    8.2;    0.9;   -1.2;eor
       3987;20210316;   10;  12.4;   5.1;    3;   0.0;   6;    1.683;   0;   6.8;   6.3; 1003.96;    4.1;   77.58;    8.1;    0.8;   -2.9;eor
       3987;20210317;   10;   9.9;   2.7;    3;   0.6;   8;    1.933;   0;   4.3;   6.3; 1009.71;    1.7;   91.13;    6.0;   -1.3;   -4.5;eor
       3987;20210318;   10;  12.4;   2.6;    3;   1.5;   8;    2.383;   0;   7.1;   6.0; 1008.82;    1.7;   87.75;    7.3;   -1.6;   -4.7;eor
       3987;20210319;   10;  15.3;   3.9;    3;   0.2;   8;    2.417;   0;   5.3;   4.9; 1010.34;    0.5;   77.92;    4.3;   -3.8;   -6.7;eor
       3987;20210320;   10;  11.1;   3.7;    3;   0.0;   6;    4.617;   0;   7.8;   3.9; 1013.49;    0.7;   62.08;    4.2;   -3.6;   -4.8;eor
       3987;20210321;   10;  15.2;   6.4;    3;   0.8;   6;    2.800;   0;   7.3;   6.3; 1001.93;    5.1;   72.33;   10.1;    1.1;   -1.9;eor
       3987;20210322;   10;   8.8;   3.7;    3;   0.3;   6;    9.117;   0;   6.7;   5.4; 1007.37;    4.5;   66.33;   10.5;   -0.4;   -2.9;eor
       3987;20210323;   10;   9.6;   3.8;    3;   0.0;   6;    0.000;   0;   8.0;   7.5; 1011.28;    5.5;   83.42;    7.8;    3.7;    3.4;eor
       3987;20210324;   10;   9.7;   3.4;    3;   0.0;   0;    5.300;   0;   4.8;   7.5; 1010.36;    8.4;   69.29;   13.6;    4.6;    1.7;eor
       3987;20210325;   10;   5.6;   2.6;    3;   0.4;   6;    7.383;   0;   6.5;   7.8; 1007.57;    9.5;   67.38;   16.3;    3.6;   -0.5;eor
       3987;20210326;   10;   8.5;   2.4;    3;   0.0;   6;    3.983;   0;   5.4;   8.9; 1006.39;   10.9;   69.04;   16.9;    6.7;    1.8;eor
       3987;20210327;   10;  20.7;   6.4;    3;   2.8;   6;    2.917;   0;   5.8;   7.5; 1005.30;    6.3;   77.79;   11.1;    1.5;   -0.9;eor
       3987;20210328;   10;  12.0;   4.8;    3;   0.0;   6;    4.583;   0;   6.7;   7.0; 1014.58;    7.2;   70.21;   12.4;    0.3;   -1.9;eor
       3987;20210329;   10;  11.9;   5.2;    3;   0.0;   6;    4.667;   0;   6.0;   8.4; 1015.01;   13.5;   55.33;   20.4;    8.9;    5.6;eor
       3987;20210330;   10;   8.4;   3.6;    3;   0.0;   0;   12.033;   0;   1.9;   8.9; 1017.40;   15.3;   52.04;   22.4;    8.3;    3.5;eor
       3987;20210331;   10;   6.4;   2.6;    3;   0.0;   0;   12.183;   0;   1.2;   8.0; 1010.76;   16.6;   47.25;   24.7;    8.4;    3.9;eor
       3987;20210401;   10;  14.0;   4.2;    3;   0.1;   6;    1.300;   0;   7.8;   8.6; 1005.46;   11.5;   64.63;   16.8;    5.1;    5.4;eor
       3987;20210402;   10;  14.1;   4.6;    3;   0.0;   6;    5.283;   0;   6.4;   6.6; 1007.71;    5.8;   73.46;   13.1;    0.5;   -2.5;eor
       3987;20210403;   10;  12.1;   4.2;    3;   0.0;   0;    7.950;   0;   3.4;   5.3; 1009.47;    5.3;   61.63;   10.6;    0.8;   -4.2;eor
       3987;20210404;   10;  12.7;   4.5;    3;   0.0;   0;   10.733;   0;   3.1;   5.6; 1007.35;    5.1;   63.79;   11.5;   -0.9;   -5.2;eor
       3987;20210405;   10;  19.2;   7.0;    3;   3.5;   8;    3.000;   0;   6.5;   5.7;  989.91;    3.1;   74.33;    5.9;   -1.0;   -2.6;eor
       3987;20210406;   10;  16.9;   6.1;    3;   0.2;   8;    6.550;   0;   5.7;   5.1;  992.90;    1.4;   75.50;    7.0;   -2.1;   -4.2;eor
       3987;20210407;   10;  18.3;   6.8;    3;   0.1;   8;    1.750;   0;   7.5;   5.5;  997.22;    3.1;   72.92;    7.0;    0.7;    0.5;eor
       3987;20210408;   10;  15.0;   6.5;    3;   0.0;   6;    1.383;   0;   7.5;   5.3; 1006.89;    4.0;   65.92;    8.2;    1.4;   -1.2;eor
       3987;20210409;   10;  12.6;   5.0;    3;   1.2;   6;    8.600;   0;   7.5;   5.7; 1002.51;    7.5;   55.88;   14.1;    0.1;   -2.2;eor
       3987;20210410;   10;   9.4;   2.5;    3;   5.2;   6;    0.033;   0;   7.9;   8.0; 1002.75;    6.9;   80.58;    9.1;    4.9;    1.8;eor
       3987;20210411;   10;  13.5;   5.2;    3;   6.3;   8;    5.717;   0;   7.1;   9.8;  998.60;   10.7;   78.88;   20.9;    3.1;    3.2;eor
       3987;20210412;   10;  10.6;   4.4;    3;   0.0;   6;    0.517;   0;   7.6;   6.2; 1010.55;    4.4;   75.83;    8.0;    0.7;   -2.0;eor
       3987;20210413;   10;  10.8;   4.3;    3;   0.0;   6;    7.500;   0;   6.8;   5.7; 1015.68;    4.0;   72.29;   10.4;   -1.1;   -3.3;eor
       3987;20210414;   10;   9.3;   3.7;    3;   0.0;   0;    6.317;   0;   7.0;   5.3; 1015.25;    4.2;   66.83;   10.1;   -0.9;   -3.1;eor
       3987;20210415;   10;  13.4;   4.0;    3;   0.0;   8;    1.883;   0;   7.8;   5.2; 1015.14;    3.7;   67.00;    8.9;   -0.9;   -3.7;eor
       3987;20210416;   10;  11.1;   4.1;    3;   0.0;   6;    5.950;   0;   7.9;   5.7; 1012.17;    7.1;   57.50;   13.0;    3.1;    2.7;eor
       3987;20210417;   10;   7.2;   2.8;    3;   0.2;   6;    2.167;   0;   7.6;   7.6; 1009.25;    8.7;   67.42;   13.4;    4.9;    3.1;eor
       3987;20210418;   10;  11.4;   2.3;    3;   6.7;   6;    0.917;   0;   6.8;   9.4; 1008.40;    7.1;   92.54;   12.4;    4.3;    2.1;eor
       3987;20210419;   10;   8.6;   2.8;    3;   0.1;   6;    4.750;   0;   6.3;   9.8; 1007.56;    8.1;   90.46;   14.9;    3.1;    1.6;eor
       3987;20210420;   10;   7.2;   2.4;    3;   0.0;   0;   13.083;   0;   0.4;   8.1; 1003.57;   11.1;   64.54;   18.8;    3.3;    0.8;eor
       3987;20210421;   10;  15.1;   4.6;    3;   0.0;   0;    9.850;   0;   3.3;   6.7; 1002.13;   10.5;   56.00;   18.3;    4.0;    0.1;eor
       3987;20210422;   10;  16.6;   6.7;    3;   0.3;   6;    2.233;   0;   6.4;   5.9; 1007.15;    7.1;   58.75;   12.5;    3.8;    2.0;eor
       3987;20210423;   10;  13.7;   5.2;    3;   0.0;   6;    5.833;   0;   5.1;   5.8; 1012.27;    8.1;   56.21;   15.1;    4.2;    0.6;eor
       3987;20210424;   10;   9.5;   3.7;    3;   0.0;   0;    5.283;   0;   6.5;   6.1; 1012.44;    6.9;   62.71;   12.3;    1.8;   -1.0;eor
       3987;20210425;   10;  10.4;   3.3;    3;   0.0;   6;    6.000;   0;   5.5;   4.8; 1011.67;    6.4;   51.17;   11.7;    1.1;   -3.5;eor
       3987;20210426;   10;   6.8;   2.6;    3;   0.0;   0;    8.667;   0;   3.0;   4.3; 1008.85;    4.9;   52.42;   10.2;   -0.8;   -4.9;eor
       3987;20210427;   10;  10.9;   4.2;    3;   0.0;   0;   14.200;   0;   0.1;   4.3; 1002.99;    6.9;   47.29;   13.9;   -0.5;   -4.3;eor
       3987;20210428;   10;  11.3;   4.4;    3;   1.2;   6;   12.667;   0;   3.5;   5.7;  995.86;   10.8;   45.71;   18.6;    2.2;   -1.4;eor
       3987;20210429;   10;  22.2;   4.6;    3;   7.1;   6;    5.283;   0;   6.5;   9.6;  990.86;   10.8;   74.42;   17.9;    7.4;    5.6;eor
       3987;20210430;   10;  14.4;   4.0;    3;   0.0;   6;    0.067;   0;   7.6;   8.3;  999.50;    8.2;   76.42;   10.5;    6.5;    4.8;eor
       3987;20210501;   10;   8.5;   2.3;    3;   0.0;   6;    4.967;   0;   7.8;   8.4; 1001.19;    9.5;   71.96;   14.2;    5.8;    5.1;eor
       3987;20210502;   10;  14.3;   4.0;    3;   2.6;   6;    0.533;   0;   7.1;   9.0; 1000.15;    8.4;   82.17;   12.9;    5.6;    4.7;eor
       3987;20210503;   10;  15.2;   5.4;    3;   0.7;   6;    4.117;   0;   6.8;   7.4; 1004.84;    6.9;   75.92;   12.0;    2.9;    1.4;eor
       3987;20210504;   10;  21.3;   6.9;    3;   1.8;   6;    1.567;   0;   7.0;   8.0;  989.77;    9.9;   66.04;   15.9;    5.1;    3.0;eor
       3987;20210505;   10;  27.8;   7.7;    3;   0.9;   6;    5.183;   0;   5.1;   7.3;  988.36;    8.2;   68.50;   13.8;    4.5;    2.2;eor
       3987;20210506;   10;  14.4;   4.8;    3;   0.7;   6;    8.267;   0;   5.9;   6.7;  993.91;    7.5;   65.58;   12.7;    2.5;   -0.1;eor
       3987;20210507;   10;  15.8;   4.1;    3;   7.4;   8;    2.833;   0;   6.9;   7.4;  998.08;    5.3;   83.96;    9.6;    0.4;    0.1;eor
       3987;20210508;   10;   8.4;   3.4;    3;   0.0;   6;    8.667;   0;   6.0;   6.8; 1004.87;    9.6;   60.38;   15.5;    2.1;   -0.4;eor
       3987;20210509;   10;  12.5;   4.7;    3;   0.0;   0;   12.400;   0;   6.3;   9.8;  997.70;   18.9;   46.38;   27.3;    9.6;    7.4;eor
       3987;20210510;   10;  14.4;   4.1;    3;   0.0;   0;   13.450;   0;   5.8;  11.8;  995.32;   21.7;   47.75;   30.7;   12.5;   10.4;eor
       3987;20210511;   10;  14.4;   3.8;    3;  15.6;   6;   10.183;   0;   6.4;  15.2;  993.50;   19.8;   67.75;   28.4;   13.4;   13.7;eor
       3987;20210512;   10;  10.2;   4.1;    3;   9.0;   6;    0.000;   0;   7.9;  13.8;  995.93;   12.7;   94.08;   14.0;   11.4;   11.3;eor
       3987;20210513;   10;  10.3;   4.5;    3;   6.4;   6;    0.000;   0;   7.8;  12.8;  993.18;   10.9;   98.00;   11.5;   10.4;   10.5;eor
       3987;20210514;   10;  11.8;   4.5;    3;   1.8;   6;    1.483;   0;   7.8;  11.5;  993.95;   10.3;   91.79;   13.3;    7.4;    4.9;eor
       3987;20210515;   10;  12.3;   3.5;    3;   0.7;   6;    8.200;   0;   5.4;  10.6;  993.64;   12.8;   73.71;   19.1;    6.7;    4.3;eor
       3987;20210516;   10;  11.0;   3.8;    3;   0.8;   6;    5.700;   0;   5.1;  10.7;  990.53;   12.3;   76.04;   18.3;    7.6;    5.0;eor
       3987;20210517;   10;   8.1;   3.6;    3;   1.0;   6;    8.100;   0;   4.7;  10.8;  991.50;   12.9;   75.13;   20.0;    8.4;    6.2;eor
       3987;20210518;   10;  12.4;   4.1;    3;   0.5;   6;    2.900;   0;   5.3;  10.5;  998.35;   11.3;   79.46;   16.4;    7.8;    5.3;eor
       3987;20210519;   10;  10.9;   3.4;    3;   0.0;   6;    8.917;   0;   5.5;   9.6; 1002.59;   12.4;   68.92;   18.0;    7.9;    4.8;eor
       3987;20210520;   10;  11.8;   3.9;    3;   0.0;   6;    7.933;   0;   5.9;   9.4; 1005.26;   12.9;   64.96;   18.2;    9.4;    8.2;eor
       3987;20210521;   10;  18.3;   5.5;    3;   0.6;   6;    7.683;   0;   5.1;   9.6;  994.22;   14.9;   58.83;   21.2;    9.6;    6.6;eor
       3987;20210522;   10;  18.7;   5.9;    3;   0.4;   6;    3.833;   0;   7.0;  10.2;  992.93;   12.4;   71.58;   17.3;    8.8;    6.3;eor
       3987;20210523;   10;  16.1;   5.0;    3;   0.0;   6;    6.667;   0;   5.5;  10.0; 1000.92;   11.9;   72.79;   17.5;    7.7;    5.7;eor
       3987;20210524;   10;  16.1;   4.2;    3;   1.0;   6;   13.267;   0;   5.0;   9.6; 1001.52;   15.6;   57.38;   21.8;    7.4;    4.9;eor
       3987;20210525;   10;  20.5;   5.2;    3;   3.7;   6;    4.017;   0;   7.5;  10.6;  999.57;   11.5;   78.71;   16.6;    8.4;    7.5;eor
       3987;20210526;   10;  13.1;   5.4;    3;   0.0;   6;    5.917;   0;   7.3;   9.8;  998.70;   12.2;   69.96;   16.9;    8.1;    7.4;eor
       3987;20210527;   10;  12.8;   5.7;    3;   1.0;   6;    3.983;   0;   7.0;  11.0; 1001.00;   11.5;   81.08;   17.1;    8.0;    6.6;eor
       3987;20210528;   10;  11.6;   4.4;    3;   0.3;   6;    4.467;   0;   6.9;  10.5; 1008.64;   12.1;   76.25;   17.9;    8.2;    5.9;eor
       3987;20210529;   10;  11.5;   5.1;    3;   0.0;   0;    4.583;   0;   5.6;  10.6; 1012.25;   11.5;   79.25;   16.5;    6.6;    4.4;eor
       3987;20210530;   10;  10.6;   3.7;    3;   0.0;   0;   14.600;   0;   1.9;   8.4; 1014.15;   14.5;   54.42;   21.4;    7.2;    3.8;eor
       3987;20210531;   10;   6.6;   2.5;    3;   0.0;   0;   15.750;   0;   2.4;   8.2; 1011.27;   14.9;   52.88;   22.9;    5.1;    2.3;eor
       3987;20210601;   10;  10.8;   3.9;    3;   0.0;   0;   10.650;-999;   7.8;  11.0; 1006.78;   17.5;   57.75;   24.6;   10.3;    7.8;eor
       3987;20210602;   10;  10.6;   3.7;    3;   0.0;   0;   11.033;-999;   3.6;  11.6; 1007.66;   18.3;   57.25;   26.2;   11.3;   10.0;eor
       3987;20210603;   10;  10.9;   4.2;    3;   0.4;   6;   14.333;-999;   3.7;  11.2; 1010.57;   20.7;   49.13;   28.6;   12.3;    9.4;eor
       3987;20210604;   10;   9.7;   4.4;    3;   0.3;   6;    7.233;-999;   6.3;  14.5; 1009.30;   19.4;   65.38;   26.2;   14.1;   13.3;eor
       3987;20210605;   10;  10.1;   4.0;    3;   0.0;   0;   12.833;-999;   7.3;  13.7; 1007.15;   21.4;   57.17;   29.0;   13.8;   11.8;eor
       3987;20210606;   10;  11.4;   3.6;    3;   0.0;   0;    8.617;-999;   6.4;  15.4; 1007.60;   21.2;   63.54;   28.6;   14.9;   12.0;eor
       3987;20210607;   10;   9.7;   3.7;    3;   0.0;   0;   15.433;-999;   1.6;  12.1; 1008.91;   20.3;   53.75;   27.5;   12.4;    9.9;eor
       3987;20210608;   10;   8.8;   3.4;    3;   0.0;   0;   13.517;-999;   1.5;  14.5; 1009.45;   21.3;   61.17;   27.6;   14.9;   12.5;eor
       3987;20210609;   10;   7.9;   2.3;    3;   0.0;   0;   15.617;-999;   2.6;  11.6; 1009.22;   21.1;   48.83;   27.7;   13.4;    9.7;eor
       3987;20210610;   10;  10.4;   3.4;    3;   0.0;   0;   10.750;-999;   7.0;  13.9; 1007.22;   22.4;   53.38;   28.1;   17.1;   14.7;eor
       3987;20210611;   10;  11.4;   2.9;    3;   0.0;   6;   11.950;-999;   6.3;  14.4; 1005.46;   22.5;   53.96;   27.6;   17.0;   15.6;eor
       3987;20210612;   10;  16.5;   5.7;    3;   1.3;   6;    4.083;-999;   5.3;  14.8; 1003.67;   18.3;   69.50;   22.8;   13.3;   11.9;eor
       3987;20210613;   10;  13.2;   5.6;    3;   0.0;   6;    5.700;-999;   4.0;  10.7; 1011.82;   15.0;   63.33;   20.9;   10.7;    8.2;eor
       3987;20210614;   10;   7.9;   2.6;    3;   0.0;   0;   15.383;-999;   2.1;  12.3; 1009.53;   19.6;   58.29;   27.8;   10.8;    7.1;eor
       3987;20210615;   10;   8.4;   3.1;    3;   0.0;   0;    5.867;-999;   7.5;  15.0; 1006.91;   19.6;   65.92;   23.8;   14.6;   12.2;eor
       3987;20210616;   10;   9.7;   3.7;    3;   0.0;   0;   15.233;-999;   3.5;  12.3; 1006.19;   21.3;   51.29;   29.3;   11.8;    8.7;eor
       3987;20210617;   10;  10.9;   4.0;    3;   0.0;   0;   15.467;-999;   0.2;  14.2; 1003.59;   26.3;   45.63;   34.6;   17.6;   15.8;eor
       3987;20210618;   10;  10.9;   4.1;    3;   0.0;   0;   15.783;-999;   0.0;  13.3; 1002.41;   27.8;   39.17;   35.5;   19.4;   17.1;eor
       3987;20210619;   10;   9.7;   3.0;    3;   1.6;   6;   11.917;-999;   3.4;  18.9; 1001.07;   27.7;   54.08;   36.0;   20.0;   16.9;eor
       3987;20210620;   10;  10.8;   3.8;    3;   0.6;   6;    7.700;-999;   5.4;  19.1;  996.92;   27.1;   56.13;   34.1;   20.1;   18.0;eor
       3987;20210621;   10;  15.4;   4.2;    3;   0.0;   6;   10.250;-999;   4.3;  18.8;  994.86;   24.5;   63.08;   31.4;   19.4;   17.8;eor
       3987;20210622;   10;   9.6;   3.8;    3;   0.1;   6;    1.017;-999;   6.6;  15.3; 1002.08;   18.1;   74.21;   21.8;   14.1;   10.5;eor
       3987;20210623;   10;   6.7;   2.5;    3;   0.0;   6;    3.383;-999;   7.0;  13.4; 1008.10;   16.3;   73.25;   19.8;   13.1;   10.0;eor
       3987;20210624;   10;   5.7;   1.8;    3;   1.8;   6;    0.000;-999;   8.0;  16.2; 1006.82;   16.7;   84.50;   19.2;   14.0;   12.3;eor
       3987;20210625;   10;   8.1;   2.3;    3;   0.0;   6;    3.000;-999;   7.8;  14.8; 1005.60;   19.6;   66.42;   24.9;   15.6;   14.6;eor
       3987;20210626;   10;   7.8;   2.4;    3;   0.0;   0;   12.933;-999;   3.7;  12.3; 1006.90;   20.8;   53.71;   27.4;   14.4;   10.7;eor
       3987;20210627;   10;   7.7;   2.3;    3;   0.0;   0;   14.683;-999;   2.1;  13.2; 1005.76;   21.5;   54.13;   28.2;   13.3;    9.9;eor
       3987;20210628;   10;   8.8;   2.9;    3;   0.0;   0;   10.200;-999;   5.9;  13.0; 1003.45;   25.0;   44.21;   32.1;   16.4;   12.5;eor
       3987;20210629;   10;   7.4;   2.8;    3;  24.1;   6;    4.400;-999;   7.5;  18.3;  998.81;   23.2;   65.25;   28.4;   17.8;   16.5;eor
       3987;20210630;   10;  12.8;   4.5;    3;  33.7;   6;    0.000;-999;   7.5;  19.4;  996.19;   17.4;   97.54;   18.3;   16.3;   16.3;eor
       3987;20210701;   10;  13.3;   5.5;    3;   7.4;   6;    0.000;-999;   7.8;  16.7;  998.70;   15.2;   96.25;   16.3;   13.9;   14.1;eor
       3987;20210702;   10;  11.3;   4.5;    3;   0.0;   0;    7.667;-999;   5.7;  16.6; 1003.05;   18.8;   78.33;   24.2;   14.7;   12.9;eor
       3987;20210703;   10;  10.2;   3.6;    3;   0.0;   0;   13.867;-999;   2.0;  14.3; 1003.25;   19.4;   66.63;   25.3;   13.6;   11.9;eor
       3987;20210704;   10;   7.9;   2.3;    3;   0.0;   0;   12.783;-999;   3.3;  14.5;  999.02;   21.8;   58.88;   28.1;   14.5;   12.2;eor
       3987;20210705;   10;  10.3;   3.3;    3;   1.3;   6;    5.400;-999;   7.0;  17.1;  997.91;   19.8;   74.88;   25.8;   16.0;   13.8;eor
       3987;20210706;   10;  12.5;   4.2;    3;   8.0;   6;    9.283;-999;   5.6;  18.1;  998.62;   22.5;   68.63;   30.3;   16.5;   14.9;eor
       3987;20210707;   10;   7.8;   2.6;    3;   6.2;   6;    4.350;-999;   6.3;  18.1; 1006.10;   18.2;   87.25;   22.4;   16.1;   15.4;eor
       3987;20210708;   10;   6.8;   2.7;    3;   4.2;   6;    2.917;-999;   7.6;  18.9; 1008.96;   18.1;   90.88;   21.0;   15.2;   14.2;eor
       3987;20210709;   10;  14.3;   4.4;    3;  21.8;   6;    0.000;-999;   7.8;  18.5; 1004.07;   16.7;   97.13;   19.0;   13.9;   14.0;eor
       3987;20210710;   10;  12.6;   4.8;    3;   0.0;   0;    8.583;-999;   7.0;  16.1; 1004.93;   19.1;   75.54;   25.0;   14.0;   14.0;eor
       3987;20210711;   10;  10.2;   3.9;    3;   0.0;   6;   12.050;-999;   5.6;  16.0; 1004.46;   22.1;   63.50;   28.9;   15.2;   14.3;eor
       3987;20210712;   10;   7.3;   2.8;    3;   0.0;   6;    3.000;-999;   6.7;  19.4; 1001.16;   21.2;   77.83;   26.1;   17.7;   16.0;eor
       3987;20210713;   10;  21.8;   3.5;    3;   2.2;   6;   11.667;-999;   6.2;  18.6;  997.25;   23.5;   67.00;   29.8;   17.0;   14.7;eor
       3987;20210714;   10;   9.3;   3.2;    3;   0.0;   6;    4.450;-999;   6.5;  20.1;  997.43;   20.6;   83.83;   25.2;   17.3;   14.9;eor
       3987;20210715;   10;   7.2;   2.4;    3;   0.0;   0;    7.683;-999;   4.3;  18.3; 1000.76;   21.5;   73.58;   27.5;   15.6;   13.6;eor
       3987;20210716;   10;  11.2;   3.5;    3;   6.8;   6;    9.100;-999;   5.0;  21.3; 1004.97;   22.6;   79.00;   29.7;   17.6;   15.1;eor
       3987;20210717;   10;  10.8;   4.0;    3;   0.0;   0;    6.767;-999;   5.8;  21.0; 1006.93;   22.7;   77.63;   28.9;   18.2;   16.2;eor
       3987;20210718;   10;   9.3;   3.9;    3;   0.0;   0;   11.967;-999;   2.5;  16.9; 1007.14;   21.4;   67.96;   26.8;   15.8;   14.3;eor
       3987;20210719;   10;   9.6;   3.7;    3;   0.0;   0;    1.067;-999;   6.8;  12.9; 1007.45;   17.0;   66.67;   20.3;   13.8;   11.5;eor
       3987;20210720;   10;   9.6;   3.1;    3;   0.0;   6;    5.050;-999;   5.9;  13.7; 1007.51;   17.1;   70.83;   21.2;   13.4;   10.4;eor
       3987;20210721;   10;   7.9;   2.7;    3;   0.0;   6;    1.000;-999;   7.0;  15.6; 1010.30;   17.8;   77.04;   22.9;   12.8;    9.9;eor
       3987;20210722;   10;   6.5;   2.0;    3;   0.0;   0;    1.567;-999;   7.4;  16.9; 1009.14;   19.4;   75.38;   23.0;   16.3;   13.4;eor
       3987;20210723;   10;   6.3;   2.1;    3;   0.0;   0;   11.067;-999;   2.0;  15.6; 1005.21;   19.7;   70.13;   25.4;   14.6;   11.6;eor
       3987;20210724;   10;   8.7;   3.5;    3;   0.0;   0;   10.833;-999;   2.8;  16.0; 1000.43;   22.9;   59.83;   30.8;   15.0;   11.7;eor
       3987;20210725;   10;  11.2;   3.7;    3;   0.0;   0;    8.050;-999;   6.4;  17.7;  997.83;   23.3;   63.17;   30.7;   18.6;   15.2;eor
       3987;20210726;   10;   9.6;   3.1;    3;   0.0;   0;    5.733;-999;   6.6;  18.7;  998.85;   23.6;   66.63;   30.9;   18.9;   16.4;eor
       3987;20210727;   10;  10.7;   4.3;    3;   0.0;   6;   10.133;-999;   6.0;  16.8; 1000.08;   22.8;   62.50;   27.8;   17.5;   15.1;eor
       3987;20210728;   10;   9.5;   3.8;    3;   0.0;   0;    4.983;-999;   5.8;  15.8;  999.37;   20.8;   65.25;   25.1;   17.8;   15.0;eor
       3987;20210729;   10;  14.6;   5.3;    3;   0.0;   0;    7.967;-999;   4.1;  13.4;  998.76;   19.9;   58.71;   25.3;   13.7;   10.3;eor
       3987;20210730;   10;  13.3;   4.5;    3;   0.0;   0;   12.883;-999;   4.7;  12.4;  996.89;   20.2;   53.96;   26.6;   12.7;    9.6;eor
       3987;20210731;   10;  15.8;   5.9;    3;   0.0;   0;    7.283;-999;   4.5;  12.8;  994.91;   20.4;   54.67;   24.5;   16.0;   12.8;eor
       3987;20210801;   10;  10.0;   3.3;    3;  12.1;   6;    4.050;-999;   6.8;  15.3;  996.26;   17.2;   79.13;   22.0;   13.9;   11.0;eor
       3987;20210802;   10;  12.4;   4.5;    3;   0.0;   6;    7.450;-999;   5.4;  13.4;  999.70;   16.8;   72.46;   22.4;   12.4;    9.8;eor
       3987;20210803;   10;   5.6;   2.1;    3;   1.8;   6;    3.650;-999;   6.8;  13.4; 1001.95;   17.3;   69.50;   22.4;   11.4;    9.3;eor
       3987;20210804;   10;   7.4;   2.4;    3;   0.5;   6;    4.683;-999;   6.6;  16.0; 1001.65;   17.6;   80.38;   22.5;   14.5;   12.1;eor
       3987;20210805;   10;  11.4;   3.1;    3;   4.8;   6;    5.850;-999;   7.8;  15.5;  998.31;   17.8;   78.54;   24.2;   13.3;   11.2;eor
       3987;20210806;   10;  11.3;   2.9;    3;  19.0;   6;    7.450;-999;   5.9;  16.5;  994.27;   18.3;   81.50;   26.3;   14.1;   12.7;eor
       3987;20210807;   10;  10.8;   3.6;    3;   4.8;   6;    8.383;-999;   4.9;  16.6;  993.62;   18.7;   79.13;   24.1;   14.0;   12.4;eor
       3987;20210808;   10;  16.7;   5.2;    3;   1.8;   6;    7.600;-999;   5.6;  15.3;  997.99;   18.0;   76.29;   23.3;   12.5;   11.5;eor
       3987;20210809;   10;  13.4;   4.0;    3;   2.1;   6;    5.933;-999;   5.6;  14.4; 1005.73;   16.5;   78.96;   23.3;   11.1;    9.8;eor
       3987;20210810;   10;  10.0;   3.7;    3;   4.2;   6;    6.483;-999;   5.3;  15.6; 1004.86;   17.5;   79.92;   23.6;   12.8;   11.4;eor
       3987;20210811;   10;   8.8;   3.3;    3;   0.0;   0;    9.500;-999;   4.4;  15.1; 1007.49;   17.6;   77.46;   24.1;   12.8;   11.0;eor
       3987;20210812;   10;   8.2;   2.3;    3;   0.0;   0;   11.517;-999;   5.2;  14.3; 1009.28;   20.8;   60.79;   27.2;   14.3;   11.1;eor
       3987;20210813;   10;  10.2;   3.1;    3;   0.0;   0;   10.150;-999;   6.6;  16.8; 1007.78;   23.4;   59.63;   29.5;   16.9;   16.0;eor
       3987;20210814;   10;   9.5;   3.3;    3;   0.0;   0;   12.867;-999;   4.8;  14.7; 1007.28;   21.4;   59.75;   27.5;   15.7;   13.6;eor
       3987;20210815;   10;   8.2;   2.8;    3;   0.0;   0;   11.433;-999;   6.2;  15.1; 1001.90;   20.5;   64.96;   26.5;   14.2;   11.8;eor
       3987;20210816;   10;  18.6;   6.3;    3;   2.2;   6;    5.050;-999;   5.5;  14.3;  995.96;   18.0;   71.17;   25.2;   11.6;   10.9;eor
       3987;20210817;   10;  19.3;   7.9;    3;   0.3;   6;    0.500;-999;   7.0;  13.1;  999.47;   14.8;   77.92;   18.6;   11.7;   11.2;eor
       3987;20210818;   10;  14.0;   5.9;    3;   0.2;   6;    2.733;-999;   7.5;  13.6; 1000.22;   16.6;   71.88;   20.1;   13.0;   11.9;eor
       3987;20210819;   10;  12.5;   5.1;    3;   0.2;   6;    0.667;-999;   7.9;  15.6; 1000.27;   17.8;   76.92;   21.3;   14.7;   14.3;eor
       3987;20210820;   10;  11.9;   3.2;    3;   0.8;   6;    2.417;-999;   7.3;  16.3; 1004.02;   17.4;   82.79;   21.0;   14.1;   12.5;eor
       3987;20210821;   10;   7.6;   2.2;    3;   0.0;   0;    9.200;-999;   6.2;  16.0; 1007.21;   18.7;   76.21;   24.2;   13.7;   11.5;eor
       3987;20210822;   10;  11.0;   3.5;    3;  11.8;   6;    1.633;-999;   7.8;  16.9; 1004.17;   17.5;   84.21;   21.4;   14.9;   13.5;eor
       3987;20210823;   10;  11.8;   3.9;    3;   0.0;   6;    1.150;-999;   6.9;  15.3; 1008.10;   16.2;   83.46;   19.6;   14.0;   12.5;eor
       3987;20210824;   10;  10.0;   3.7;    3;   0.0;   0;   11.317;-999;   3.1;  12.2; 1014.36;   16.1;   68.92;   21.9;   10.2;    7.7;eor
       3987;20210825;   10;  14.0;   4.6;    3;   8.0;   6;    4.617;-999;   6.0;  13.0; 1006.25;   14.8;   78.42;   21.9;    7.9;    5.4;eor
       3987;20210826;   10;  11.3;   5.0;    3;  17.4;   6;    1.950;-999;   7.6;  14.4;  997.05;   13.5;   93.21;   16.9;   12.1;   12.0;eor
       3987;20210827;   10;  11.3;   3.7;    3;   1.7;   6;    3.967;-999;   7.2;  13.9;  999.17;   14.2;   86.17;   18.4;   12.1;   12.0;eor
       3987;20210828;   10;   7.8;   2.2;    3;   0.8;   6;    2.917;-999;   7.8;  14.8; 1003.44;   15.1;   86.75;   19.5;   12.2;   12.3;eor
       3987;20210829;   10;   5.5;   2.3;    3;  12.1;   6;    1.433;-999;   7.5;  16.6; 1002.43;   15.5;   94.33;   19.2;   14.2;   14.1;eor
       3987;20210830;   10;  10.6;   3.3;    3;   3.2;   6;    0.067;-999;   7.9;  16.8; 1003.47;   15.4;   95.58;   17.9;   13.7;   13.4;eor
       3987;20210831;   10;  11.6;   4.3;    3;   0.0;   0;    6.383;-999;   6.4;  14.5; 1007.96;   16.0;   80.67;   20.4;   11.8;    9.1;eor
       3987;20210901;    3;   9.0;   3.9;    3;   0.0;   0;    6.000;-999;   4.6;  14.7; 1012.92;   14.8;   87.75;   19.9;   11.4;    8.8;eor
       3987;20210902;    3;   8.7;   3.0;    3;   0.0;   0;    5.483;-999;   3.9;  15.0; 1014.44;   15.1;   88.13;   20.5;   11.8;    8.7;eor
       3987;20210903;    3;  10.8;   3.5;    3;   0.0;   0;   11.450;-999;   0.9;  14.5; 1008.35;   16.6;   79.38;   23.6;   10.7;    8.0;eor
       3987;20210904;    3;   8.1;   3.4;    3;   0.0;   0;    3.367;-999;   5.5;  13.7; 1007.19;   13.8;   87.50;   18.2;   10.6;    8.0;eor
       3987;20210905;    3;   7.1;   2.1;    3;   0.0;   0;    6.133;-999;   5.9;  13.9; 1010.82;   15.3;   81.08;   22.3;   10.1;    7.3;eor
       3987;20210906;    3;   7.2;   2.6;    3;   0.0;   0;   10.417;-999;   4.5;  13.5; 1011.84;   16.4;   73.75;   22.9;   10.4;    7.5;eor
       3987;20210907;    3;   5.3;   2.0;    3;   0.0;   0;    9.033;-999;   5.6;  14.7; 1012.07;   17.0;   77.04;   22.6;   12.9;    9.9;eor
       3987;20210908;    3;   8.1;   3.2;    3;   0.0;   0;   12.050;-999;   0.0;  15.1; 1008.40;   18.3;   74.00;   25.4;   12.6;    9.4;eor
       3987;20210909;    3;   9.7;   3.8;    3;   0.0;   0;   12.150;-999;   1.0;  14.1; 1001.71;   19.3;   66.08;   27.4;   12.2;    9.2;eor
       3987;20210910;    3;   7.8;   3.6;    3;   8.0;   6;    8.850;-999;   2.6;  19.4; 1001.63;   19.9;   83.92;   27.2;   15.6;   13.1;eor
       3987;20210911;    3;   6.4;   3.2;    3;   3.5;   6;    3.200;-999;   6.3;  20.3; 1003.76;   18.8;   93.50;   23.4;   15.8;   13.7;eor
       3987;20210912;    3;   5.9;   3.3;    3;   0.4;   6;    1.583;-999;   7.6;  18.0; 1004.74;   17.0;   92.83;   21.5;   14.1;   12.1;eor
       3987;20210913;    3;   8.5;   3.1;    3;   0.0;   0;    5.267;-999;   5.9;  15.4; 1006.49;   15.4;   88.38;   19.6;   12.1;    9.2;eor
       3987;20210914;    3;   7.3;   3.4;    3;   0.0;   0;   11.633;-999;   2.0;  14.7; 1006.20;   16.2;   81.13;   22.5;   11.1;    8.5;eor
       3987;20210915;    3;  11.7;   4.2;    3;   9.9;   6;    2.500;-999;   7.8;  18.6; 1000.38;   17.9;   90.46;   23.6;   14.3;   13.4;eor
       3987;20210916;    3;  11.7;   5.2;    3;   0.9;   6;    1.067;-999;   7.4;  16.5; 1000.91;   16.9;   85.54;   19.0;   15.0;   14.0;eor
       3987;20210917;    3;  12.0;   5.1;    3;   0.0;   6;    0.733;-999;   7.7;  13.6; 1001.44;   14.3;   83.42;   16.4;   12.7;   11.7;eor
       3987;20210918;    3;  11.3;   3.8;    3;   1.0;   6;    0.350;-999;   7.9;  13.9; 1004.23;   13.8;   87.25;   17.2;   12.0;   11.6;eor
       3987;20210919;    3;   6.8;   2.5;    3;   0.0;   0;    0.317;-999;   8.0;  11.1; 1006.53;   12.7;   75.46;   15.5;   11.2;   10.9;eor
       3987;20210920;    3;   5.6;   1.7;    3;   0.0;   0;    1.733;-999;   7.8;  11.2; 1009.90;   12.2;   79.33;   16.2;   10.3;    9.7;eor
       3987;20210921;    3;  13.2;   3.8;    3;   0.1;   6;    1.917;-999;   7.8;  11.7; 1014.43;   12.4;   81.92;   15.5;    9.8;    9.1;eor
       3987;20210922;    3;   9.7;   3.9;    3;   0.0;   6;    4.517;-999;   5.5;  12.9; 1013.19;   13.5;   84.50;   18.8;   10.8;    7.3;eor
       3987;20210923;    3;  21.5;   7.0;    3;   0.5;   6;    2.683;-999;   6.4;  12.9; 1002.03;   14.7;   78.54;   19.3;    9.7;    6.5;eor
       3987;20210924;    3;  15.1;   6.3;    3;   0.0;   6;    2.783;-999;   7.3;  13.5; 1001.38;   14.6;   80.42;   16.7;   11.3;    9.8;eor
       3987;20210925;    3;  10.8;   4.2;    3;   0.0;   6;    1.933;-999;   5.8;  16.6; 1004.09;   17.2;   84.96;   21.0;   14.7;   11.5;eor
       3987;20210926;    3;   8.7;   3.8;    3;   0.5;   6;    9.600;-999;   4.3;  16.4; 1005.70;   18.1;   80.13;   24.8;   14.1;   12.5;eor
       3987;20210927;    3;   8.0;   3.3;    3;   0.2;   6;    0.017;-999;   8.0;  17.7; 1005.29;   16.9;   91.63;   19.5;   14.3;   12.2;eor
       3987;20210928;    3;   9.3;   3.5;    3;   0.2;   6;    1.467;-999;   7.9;  14.6; 1009.79;   14.9;   86.42;   18.3;   11.5;    9.2;eor
       3987;20210929;    3;  14.2;   3.7;    3;  16.7;   6;    2.050;-999;   6.3;  14.4; 1006.08;   13.0;   95.58;   16.8;    8.6;    7.0;eor
       3987;20210930;    3;  11.7;   5.7;    3;   0.0;   0;    5.533;-999;   5.4;  10.0; 1011.99;   10.6;   78.71;   15.6;    8.1;    5.2;eor
       3987;20211001;    3;  11.7;   4.4;    3;   0.0;   0;    9.683;   0;   7.8;   9.7; 1008.80;   11.5;   72.50;   18.0;    6.6;    4.6;eor
       3987;20211002;    3;  11.0;   4.5;    3;   0.0;   6;    6.950;   0;   7.5;  12.2; 1000.89;   13.9;   76.54;   19.8;    9.5;    6.6;eor
       3987;20211003;    3;  12.5;   5.3;    3;   0.2;   6;    0.783;   0;   7.9;  13.2;  996.16;   17.0;   68.17;   22.1;   14.1;   11.8;eor
       3987;20211004;    3;   9.8;   2.8;    3;   1.2;   6;    0.000;   0;   7.9;  13.7; 1005.61;   13.6;   87.42;   16.4;   12.3;   11.6;eor
       3987;20211005;    3;   9.2;   2.9;    3;   9.4;   6;    0.000;   0;   7.9;  13.6;  998.84;   12.0;   96.96;   13.5;   10.4;    8.7;eor
       3987;20211006;    3;   8.8;   4.0;    3;   0.0;   0;    5.417;   0;   4.5;  12.4; 1004.79;   12.0;   88.79;   15.5;    7.9;    4.6;eor
       3987;20211007;    3;   4.9;   2.2;    3;   0.0;   0;   10.817;   0;   1.0;  11.0; 1016.22;   11.2;   84.83;   17.7;    6.3;    2.8;eor
       3987;20211008;    3;   8.2;   3.5;    3;   0.0;   0;    9.367;   0;   2.0;  10.8; 1020.07;   11.0;   83.63;   16.8;    5.2;    1.3;eor
       3987;20211009;    3;  10.6;   4.5;    3;   0.0;   0;   10.650;   0;   0.1;   7.8; 1020.78;    7.9;   75.50;   15.1;    3.6;   -0.8;eor
       3987;20211010;    3;   8.3;   3.9;    3;   0.0;   0;    9.950;   0;   2.0;   7.1; 1016.27;    7.1;   72.79;   13.9;    1.8;   -1.2;eor
       3987;20211011;    3;  11.2;   4.7;    3;   1.3;   6;    4.167;   0;   5.1;   9.8; 1009.23;    8.3;   87.92;   13.9;    3.7;   -0.4;eor
       3987;20211012;    3;  11.8;   5.2;    3;   0.0;   6;    2.650;   0;   3.1;   9.1; 1003.57;    8.1;   84.54;   12.6;    3.8;    0.7;eor
       3987;20211013;    3;   8.8;   4.4;    3;   1.8;   6;    6.283;   0;   3.4;   8.5; 1008.96;    6.7;   87.21;   11.4;    3.0;   -0.4;eor
       3987;20211014;    3;  11.5;   5.2;    3;   1.1;   6;    0.000;   0;   7.8;  12.3; 1007.70;   10.4;   96.54;   12.8;    7.9;    7.0;eor
       3987;20211015;    3;  13.2;   5.7;    3;   1.2;   6;    1.500;   0;   5.1;  11.2; 1002.54;   10.1;   90.33;   12.8;    6.2;    2.8;eor
       3987;20211016;    3;   8.1;   3.4;    3;   0.1;   6;    2.617;   0;   7.2;   9.8; 1008.89;    8.2;   90.25;   12.6;    4.8;    1.1;eor
       3987;20211017;    3;   8.2;   3.8;    3;   0.8;   6;    0.333;   0;   7.9;   9.9; 1008.46;    9.0;   86.58;   12.1;    5.5;    2.4;eor
       3987;20211018;    3;   8.4;   3.8;    3;   0.0;   0;    4.233;   0;   7.9;  10.5; 1011.47;   10.7;   82.38;   15.3;    7.9;    5.6;eor
       3987;20211019;    3;  11.0;   4.2;    3;   0.0;   6;    2.433;   0;   7.8;  12.0; 1006.59;   12.3;   83.08;   16.1;    7.9;    6.3;eor
       3987;20211020;    3;  15.5;   6.3;    3;   1.0;   6;    1.217;   0;   7.9;  13.8;  994.59;   15.1;   80.38;   18.6;   12.7;   10.6;eor
       3987;20211021;    3;  24.9;   9.3;    3;   1.4;   6;    1.350;   0;   6.6;  11.0;  985.22;   12.1;   77.67;   16.3;    6.2;    4.5;eor
       3987;20211022;    3;  22.1;   8.2;    3;   4.0;   6;    0.333;   0;   5.9;   8.4;  997.96;    6.8;   84.92;   10.2;    4.8;    3.0;eor
       3987;20211023;    3;  14.1;   5.8;    3;   0.0;   6;    6.733;   0;   4.0;   8.5; 1012.40;    6.7;   86.58;   11.0;    4.7;    1.5;eor
       3987;20211024;    3;  10.7;   3.7;    3;   0.0;   0;    9.517;   0;   4.7;   8.0; 1015.79;    6.6;   83.25;   12.3;    2.6;   -0.1;eor
       3987;20211025;    3;  10.4;   4.5;    3;   0.0;   6;    6.133;   0;   5.2;   8.0; 1008.18;    6.2;   84.38;   11.0;    2.1;   -1.0;eor
       3987;20211026;    3;   8.8;   4.2;    3;   0.0;   0;    0.550;   0;   7.8;  10.5; 1007.73;    9.6;   87.13;   14.2;    5.6;    2.4;eor
       3987;20211027;    3;  10.2;   4.2;    3;   0.0;   0;    0.367;   0;   7.9;  11.7; 1010.78;   11.8;   84.33;   13.8;    9.5;    6.7;eor
       3987;20211028;    3;  10.4;   3.8;    3;   0.0;   0;    9.050;   0;   1.8;  10.3; 1008.34;    9.7;   86.25;   15.6;    6.1;    2.3;eor
       3987;20211029;    3;  10.3;   4.0;    3;   0.0;   0;    8.900;   0;   2.1;   9.0; 1001.74;    8.2;   83.63;   14.4;    3.8;    0.3;eor
       3987;20211030;    3;  12.9;   4.8;    3;   0.0;   0;    7.400;   0;   5.6;   8.6;  997.28;    9.7;   72.46;   14.2;    5.6;    2.9;eor
       3987;20211031;    3;  12.0;   4.9;    3;   0.0;   0;    7.933;   0;   7.8;  10.6;  996.11;   12.5;   72.54;   17.5;    9.0;    5.7;eor
       3987;20211101;    3;   9.2;   4.1;    3;   0.8;   6;    0.033;   0;   7.7;  10.7;  990.45;    9.9;   88.00;   12.2;    7.7;    5.4;eor
       3987;20211102;    3;   6.6;   2.5;    3;   0.0;   6;    2.200;   0;   7.4;  10.3;  989.25;    8.7;   91.42;   11.8;    4.7;    1.4;eor
       3987;20211103;    3;   7.4;   3.2;    3;   0.0;   6;    1.450;   0;   6.1;   8.9;  991.32;    6.5;   91.96;   11.6;    2.5;   -0.2;eor
       3987;20211104;    3;  17.8;   5.4;    3;  50.5;   6;    0.000;   0;   7.8;   9.5;  987.39;    6.8;   96.54;    8.2;    6.0;    5.1;eor
       3987;20211105;    3;  12.5;   5.7;    3;   0.0;   6;    0.067;   0;   7.7;   9.8; 1005.03;    7.6;   94.04;    9.8;    5.7;    3.0;eor
       3987;20211106;    3;  11.9;   5.4;    3;   0.0;   6;    1.483;   0;   7.9;   9.3; 1011.78;    8.4;   84.79;   11.0;    5.6;    2.7;eor
       3987;20211107;    3;  14.7;   6.7;    3;   1.6;   6;    1.017;   0;   7.1;   9.0;  999.81;    7.7;   85.21;    9.6;    5.9;    3.4;eor
       3987;20211108;    3;  11.9;   5.2;    3;   0.7;   6;    0.633;   0;   7.6;   9.7; 1006.83;    8.3;   88.63;   11.0;    6.6;    5.5;eor
       3987;20211109;    3;   8.9;   3.2;    3;   0.0;   0;    3.350;   0;   5.5;   9.6; 1015.73;    7.7;   91.63;   11.3;    3.2;    0.8;eor
       3987;20211110;    3;   7.5;   3.3;    3;   0.0;   0;    7.200;   0;   5.7;   7.5; 1013.23;    4.3;   91.00;    9.3;    0.1;   -1.2;eor
       3987;20211111;    3;   6.0;   2.8;    3;   0.3;   6;    3.500;   0;   6.5;   8.3; 1011.66;    4.9;   95.04;    9.1;    0.4;   -2.8;eor
       3987;20211112;    3;   8.0;   2.6;    3;   0.1;   6;    0.000;   0;   7.0;   8.9; 1008.00;    5.6;   97.25;    8.4;    1.5;   -0.6;eor
       3987;20211113;    3;   7.2;   2.8;    3;   0.0;   0;    3.000;   0;   7.9;   8.0; 1002.94;    4.6;   93.79;    8.3;    1.9;    1.5;eor
       3987;20211114;    3;  12.0;   2.8;    3;   0.0;   0;    0.000;   0;   8.0;   8.4; 1012.22;    6.2;   89.00;    7.5;    5.4;    5.1;eor
       3987;20211115;    3;   8.9;   3.5;    3;   0.0;   4;    0.000;   0;  -999;   7.8; 1016.45;    5.3;   87.13;    6.0;    5.1;    4.9;eor
       3987;20211116;    3;   7.4;   2.7;    3;   0.0;   6;    0.000;   0;   7.9;   8.3; 1011.17;    5.8;   89.63;    7.4;    4.7;    4.6;eor
       3987;20211117;    3;  10.4;   3.9;    3;   0.0;   6;    0.000;   0;   7.6;   8.1; 1007.32;    5.2;   91.50;    7.1;    3.7;    3.0;eor
       3987;20211118;    3;  15.6;   6.0;    3;   2.0;   6;    0.000;   0;   7.4;   9.3; 1011.07;    7.5;   89.63;   10.1;    4.3;    1.6;eor
       3987;20211119;    3;  15.3;   7.4;    3;   0.0;   6;    0.000;   0;   8.0;  11.5; 1010.90;   11.0;   87.54;   12.4;    9.0;    8.3;eor
       3987;20211120;    3;  13.2;   5.6;    3;   0.0;   6;    0.100;   0;   8.0;  10.9; 1008.11;   10.6;   84.96;   11.6;    9.1;    8.6;eor
       3987;20211121;    3;  10.6;   4.2;    3;   0.5;   6;    0.000;   0;   8.0;   9.4;  998.26;    7.4;   91.75;    9.3;    3.6;    0.8;eor
       3987;20211122;    3;   9.1;   3.5;    3;   0.2;   6;    6.300;   0;   3.6;   6.6; 1010.40;    3.0;   87.13;    6.2;   -1.2;   -3.8;eor
       3987;20211123;    3;  10.9;   4.9;    3;   0.5;   6;    0.000;   0;   6.7;   8.3; 1013.80;    4.5;   97.92;    6.7;   -0.7;   -3.4;eor
       3987;20211124;    3;   7.6;   3.3;    3;   0.2;   6;    0.333;   0;   8.0;   9.2; 1009.78;    6.4;   95.46;    8.2;    5.3;    4.4;eor
       3987;20211125;    3;   9.5;   3.4;    3;   0.0;   6;    0.517;   0;   7.9;   6.8;  997.07;    3.9;   83.42;    5.3;    2.6;    0.5;eor
       3987;20211126;    3;   9.6;   3.7;    3;   0.0;   8;    2.433;   0;   7.6;   6.5;  986.25;    3.8;   81.04;    6.4;    1.1;    0.3;eor
       3987;20211127;    3;   7.8;   3.7;    3;   3.7;   8;    0.183;   0;   7.5;   6.1;  980.31;    1.2;   91.21;    3.3;   -0.9;   -1.8;eor
       3987;20211128;    3;   6.5;   3.2;    3;   0.0;   6;    6.817;   0;   4.1;   6.3;  984.48;    1.0;   95.33;    3.7;   -1.6;   -4.0;eor
       3987;20211129;    3;   9.6;   4.0;    3;   0.3;   8;    0.217;   0;   7.8;   6.7;  990.60;    2.0;   94.63;    3.0;    1.0;    0.8;eor
       3987;20211130;    3;  21.0;   7.7;    3;   4.5;   8;    0.000;   0;   7.4;   6.7;  987.68;    3.2;   87.38;    6.0;    1.0;   -2.0;eor
       3987;20211201;    3;  24.3;   6.9;    3;   2.9;   6;    0.000;   0;   7.7;   7.9;  980.56;    5.5;   87.96;    8.3;    0.9;   -1.8;eor
       3987;20211202;    3;  20.6;   7.6;    3;   0.0;   0;    7.083;   0;   2.4;   5.1;  984.83;    1.5;   75.71;    5.4;   -3.1;   -6.2;eor
       3987;20211203;    3;  13.6;   6.0;    3;   0.4;   8;    4.117;   0;   5.5;   5.1;  994.77;    0.3;   81.92;    2.6;   -3.2;   -6.1;eor
       3987;20211204;    3;  10.4;   3.9;    3;   3.8;   8;    0.000;   0;   7.9;   6.3;  987.97;    1.2;   95.04;    2.0;    0.2;    0.0;eor
       3987;20211205;    3;   7.9;   2.0;    3;   0.3;   8;    0.000;   2;   7.9;   6.3;  992.28;    0.6;   98.67;    1.3;    0.1;    0.0;eor
       3987;20211206;    3;   5.5;   1.9;    3;   0.0;   8;    0.033;   0;   7.9;   5.9; 1002.39;    0.3;   95.25;    1.7;   -1.4;   -3.1;eor
       3987;20211207;    3;  10.9;   4.6;    3;   0.0;   0;    0.017;   0;   7.9;   5.4;  999.12;   -0.8;   94.08;    0.2;   -2.1;   -3.3;eor
       3987;20211208;    3;  13.3;   5.4;    3;   0.0;   7;    0.000;   0;   7.9;   5.2;  993.11;   -0.4;   86.92;    0.9;   -1.2;   -1.4;eor
       3987;20211209;    3;   9.7;   3.0;    3;   2.3;   8;    0.000;   0;   7.7;   5.1;  993.50;   -1.4;   93.04;   -0.6;   -2.1;   -4.5;eor
       3987;20211210;    3;   6.5;   2.5;    3;   0.0;   0;    0.000;   2;   8.0;   5.8;  988.06;   -0.5;   98.42;    0.3;   -1.4;   -1.5;eor
       3987;20211211;    3;   7.5;   2.1;    3;   0.0;   0;    0.000;   1;   7.9;   5.5; 1001.41;   -1.2;   98.88;   -0.3;   -2.3;   -4.8;eor
       3987;20211212;    3;   9.6;   4.5;    3;   0.8;   6;    0.000;   1;   7.7;   6.3; 1010.37;    0.6;   97.54;    4.6;   -2.8;   -5.8;eor
       3987;20211213;    3;   6.4;   3.3;    3;   1.3;   6;    0.000;   0;   8.0;   9.8; 1013.54;    6.6;  100.00;    9.0;    4.4;    3.7;eor
       3987;20211214;    3;   8.8;   3.9;    3;   0.9;   6;    0.000;   0;   7.9;   9.5; 1013.89;    6.8;   96.58;    7.9;    6.0;    5.0;eor
       3987;20211215;    3;   9.6;   4.1;    3;   0.1;   6;    0.000;   0;   8.0;  10.1; 1016.70;    7.9;   95.25;    9.5;    6.9;    4.4;eor
       3987;20211216;    3;  12.0;   5.0;    3;   0.1;   6;    1.683;   0;   6.0;   9.3; 1021.28;    6.6;   94.38;    8.8;    3.1;   -0.3;eor
       3987;20211217;    3;   9.7;   4.0;    3;   0.1;   6;    0.000;   0;   7.7;   8.1; 1024.71;    5.3;   91.13;    6.4;    4.6;    4.0;eor
       3987;20211218;    3;  14.3;   4.4;    3;   0.6;   6;    0.000;   0;   7.8;   8.9; 1021.30;    5.7;   97.33;    7.3;    4.4;    4.2;eor
       3987;20211219;    1;  16.6;   6.9;    1;   1.6;   6;    0.000;   0;   6.3;   8.3; 1009.79;    5.7;   89.71;    7.0;    0.3;   -2.1;eor
       3987;20211220;    1;   9.9;   4.2;    1;   0.4;   8;    5.700;   0;   2.8;   5.8; 1012.46;    0.5;   91.21;    2.5;   -1.6;   -4.2;eor
       3987;20211221;    1;   6.2;   2.1;    1;   0.0;   0;    0.000;   0;   8.0;   5.8; 1014.17;   -0.2;   97.00;    0.4;   -0.8;   -1.5;eor
       3987;20211222;    1;   7.4;   3.3;    1;   0.0;   0;    6.650;   0;   7.4;   4.8; 1014.08;   -1.5;   88.08;    1.0;   -4.2;   -7.0;eor
       3987;20211223;    1;   9.8;   3.9;    1;  10.4;   8;    0.000;   0;   7.7;   5.0;  998.73;   -1.5;   90.04;    1.2;   -4.4;   -6.1;eor
       3987;20211224;    1;  11.9;   5.1;    1;   7.8;   8;    0.000;   0;   7.7;   6.9;  988.29;    1.9;   95.58;    5.7;   -4.9;   -7.1;eor
       3987;20211225;    1;   5.1;   1.7;    1;   0.0;   0;    7.400;   0;   0.9;   3.3; 1001.00;   -6.4;   86.29;   -3.0;   -8.8;  -14.2;eor
       3987;20211226;    1;   9.4;   4.8;    1;   0.0;   0;    7.383;   0;   0.0;   2.9; 1001.66;   -7.8;   86.29;   -3.6;  -10.4;  -14.4;eor
       3987;20211227;    1;  12.4;   5.6;    1;   0.0;   6;    0.017;   0;   7.5;   3.9;  995.22;   -3.7;   83.08;   -0.6;   -8.7;  -11.9;eor
       3987;20211228;    1;  12.4;   5.0;    1;   3.0;   6;    0.000;   0;   7.5;   5.3;  987.32;   -0.7;   90.58;    2.4;   -4.3;   -6.1;eor
       3987;20211229;    1;   8.0;   3.7;    1;   0.2;   6;    0.000;   0;   7.6;   8.2;  992.12;    4.0;  100.00;    5.4;    1.9;   -0.6;eor
       3987;20211230;    1;  13.7;   5.8;    1;   3.4;   6;    0.000;   0;   7.7;  11.5;  999.57;    8.9;   99.29;   12.3;    5.0;    2.9;eor
       3987;20211231;    1;  15.0;   7.1;    1;   3.9;   6;    0.000;   0;   7.8;  12.8; 1002.78;   12.1;   91.17;   13.3;   11.0;    8.8;eor
       3987;20220101;    1;  12.3;   5.5;    1;   0.1;   6;    0.000;   0;   8.0;  12.3; 1009.65;   11.3;   91.79;   12.5;    8.6;    6.0;eor
       3987;20220102;    1;  13.2;   5.6;    1;   3.9;   6;    0.000;   0;   7.8;  10.5; 1000.43;    9.1;   90.42;   11.0;    7.0;    4.1;eor
       3987;20220103;    1;  22.5;   6.8;    1;   1.7;   6;    0.733;   0;   5.5;   9.3;  994.38;    7.9;   86.96;   10.3;    4.7;    0.6;eor
       3987;20220104;    1;  10.7;   4.3;    1;   1.3;   6;    0.000;   0;   7.8;   8.8;  984.51;    5.7;   96.29;    6.8;    2.9;    0.7;eor
       3987;20220105;    1;  16.8;   6.2;    1;   0.3;   6;    2.050;   0;   6.9;   6.6;  986.28;    3.2;   86.46;    4.4;    1.8;   -0.1;eor
       3987;20220106;    1;  18.8;   5.4;    1;   0.0;   0;    7.367;   0;   1.5;   5.2; 1002.04;    0.3;   83.83;    3.4;   -2.5;   -5.6;eor
       3987;20220107;    1;  12.2;   5.4;    1;   1.8;   8;    0.250;   0;   7.3;   5.7; 1001.29;    0.1;   92.58;    2.0;   -2.4;   -5.9;eor
       3987;20220108;    1;  11.9;   4.3;    1;   0.0;   0;    1.733;   1;   6.9;   6.0;  995.85;    0.6;   94.04;    2.4;   -1.1;   -4.8;eor
       3987;20220109;    1;  10.2;   4.1;    1;   1.2;   8;    0.000;   0;   7.8;   5.8;  986.83;    1.1;   87.17;    3.7;   -1.6;   -4.4;eor
       3987;20220110;    1;   9.5;   3.1;    1;   1.4;   8;    0.000;   0;   7.7;   7.3; 1007.89;    2.8;   98.08;    4.6;   -1.2;   -2.2;eor
       3987;20220111;    1;   8.1;   2.7;    1;   0.0;   0;    0.000;   0;   7.7;   4.9; 1022.74;   -2.3;   95.17;   -1.2;   -3.1;   -3.3;eor
       3987;20220112;    1;   9.4;   3.7;    1;   0.0;   8;    0.117;   0;   7.9;   6.2; 1023.90;    0.6;   96.04;    3.4;   -2.4;   -3.2;eor
       3987;20220113;    1;  13.2;   6.2;    1;   0.0;   6;    0.000;   0;   7.9;   7.4; 1022.06;    3.8;   92.33;    4.5;    2.8;    2.2;eor
       3987;20220114;    1;  15.6;   6.5;    1;   0.0;   6;    0.000;   0;   7.7;   8.0; 1017.39;    5.0;   91.63;    6.4;    3.4;   -0.5;eor
       3987;20220115;    1;   6.9;   2.9;    1;   0.0;   0;    1.717;   0;   7.5;   6.2; 1016.45;    1.8;   89.00;    3.9;    0.0;   -2.0;eor
       3987;20220116;    1;  15.3;   5.2;    1;   0.3;   6;    0.017;   0;   7.9;   6.4; 1008.07;    1.6;   92.29;    5.1;   -2.2;   -3.9;eor
       3987;20220117;    1;  22.2;   7.9;    1;   3.8;   6;    1.017;   0;   4.8;   6.8; 1010.06;    3.5;   85.13;    6.6;   -1.0;   -4.1;eor
       3987;20220118;    1;   8.8;   4.0;    1;   0.0;   0;    0.150;   0;   6.3;   6.7; 1022.19;    2.3;   91.92;    4.9;   -1.7;   -4.7;eor
       3987;20220119;    1;  16.6;   4.9;    1;   0.5;   8;    2.167;   0;   7.8;   6.8; 1009.91;    3.4;   87.29;    4.6;    1.5;   -1.0;eor
       3987;20220120;    1;  21.8;   8.1;    1;   1.0;   8;    4.517;   0;   4.9;   5.1; 1003.46;    0.9;   78.21;    3.9;   -2.2;   -4.3;eor
       3987;20220121;    1;  13.3;   6.6;    1;   2.0;   8;    8.083;   1;   3.1;   4.6; 1011.73;   -0.4;   76.92;    3.2;   -4.0;   -7.0;eor
       3987;20220122;    1;  11.3;   3.5;    1;   1.3;   6;    1.083;   0;   7.8;   6.9; 1014.81;    2.8;   92.79;    4.4;    1.4;   -0.8;eor
       3987;20220123;    1;   8.3;   3.5;    1;   1.6;   8;    0.000;   0;   7.9;   8.8; 1020.05;    5.1;   99.50;    6.3;    4.2;    3.5;eor
       3987;20220124;    1;   7.3;   2.3;    1;   0.5;   6;    0.000;   0;   7.9;   8.5; 1021.90;    4.8;   98.83;    5.7;    3.9;    3.4;eor
       3987;20220125;    1;   8.5;   3.8;    1;   1.4;   6;    0.017;   0;   7.9;   7.6; 1019.22;    3.5;   97.13;    4.4;    2.5;    2.0;eor
       3987;20220126;    1;  13.2;   5.5;    1;   0.4;   6;    0.000;   0;   7.8;   6.9; 1015.01;    2.3;   95.58;    3.3;    1.2;    0.7;eor
       3987;20220127;    1;  21.6;   7.9;    1;   1.2;   6;    0.000;   0;   7.2;   7.2; 1004.00;    3.9;   88.96;    5.8;    2.5;    1.9;eor
       3987;20220128;    1;  19.8;   8.0;    1;   0.9;   6;    5.317;   0;   6.5;   6.1; 1011.15;    4.0;   75.04;    6.3;    1.8;   -0.5;eor
       3987;20220129;    1;  28.9;   8.5;    1;   4.2;   6;    0.000;   0;   7.6;   8.0; 1003.22;    5.5;   88.17;    9.2;    2.0;    0.1;eor
       3987;20220130;    1;  27.3;  11.2;    1;   0.0;   6;    0.167;   0;   7.3;   5.8; 1001.63;    5.3;   65.42;    6.6;    3.5;    2.7;eor
       3987;20220131;    1;  12.7;   3.2;    1;   0.2;   8;    0.017;   0;   7.5;   5.8;  995.44;    2.2;   80.67;    3.6;    0.0;   -3.4;eor
       3987;20220201;    1;  17.4;   7.2;    1;   4.5;   8;    0.000;   0;   7.8;   7.0;  993.95;    2.9;   92.42;    5.9;    0.6;   -0.4;eor
       3987;20220202;    1;  19.8;   8.0;    1;   0.4;   8;    0.517;   0;   6.9;   6.7;  996.78;    4.4;   80.25;    6.7;    0.2;   -2.4;eor
       3987;20220203;    1;   8.6;   4.3;    1;   4.0;   6;    0.000;   0;   7.3;   8.0; 1003.37;    4.0;   96.13;    6.4;   -0.4;   -2.7;eor
       3987;20220204;    1;  21.3;   5.7;    1;   0.6;   6;    0.017;   0;  -999;   8.2;  995.76;    5.9;   89.04;    7.9;    2.8;    2.3;eor
       3987;20220205;    1;  17.1;   7.4;    1;   1.1;   6;    1.683;   0;   7.3;   6.3; 1001.38;    4.1;   77.33;    5.8;    2.8;    1.3;eor
       3987;20220206;    1;  18.8;   8.1;    1;   5.4;   6;    0.150;   0;   7.3;   7.7;  987.95;    4.9;   88.46;    7.4;    3.1;    1.7;eor
       3987;20220207;    1;  19.9;   8.2;    1;   0.0;   6;    2.450;   0;   6.0;   6.2;  998.50;    3.4;   79.46;    6.9;    1.7;   -0.4;eor
       3987;20220208;    1;  15.5;   6.6;    1;   0.7;   6;    0.000;   0;   7.7;   8.6; 1009.83;    5.8;   91.17;    9.0;    1.5;   -0.7;eor
       3987;20220209;    1;  13.6;   5.8;    1;   0.0;   6;    0.000;   0;   7.8;   9.4; 1010.63;    8.5;   85.00;    9.6;    7.7;    6.0;eor
       3987;20220210;    1;  12.7;   4.0;    1;   1.8;   6;    0.350;   0;   7.8;   8.6; 1006.22;    6.8;   87.21;   10.1;    2.8;    1.6;eor
       3987;20220211;    1;  10.5;   3.8;    1;   0.1;   8;    1.167;   0;   6.6;   6.9; 1010.52;    2.9;   91.46;    5.5;   -1.4;   -4.6;eor
       3987;20220212;    1;  11.2;   4.5;    1;   0.0;   0;    8.383;   0;   4.0;   5.1; 1018.21;    0.4;   82.79;    5.2;   -3.2;   -6.9;eor
       3987;20220213;    1;  13.4;   6.0;    1;   0.0;   0;    9.000;   0;   7.4;   5.5; 1004.25;    3.2;   72.13;    7.6;   -0.7;   -3.7;eor
       3987;20220214;    1;  13.5;   6.1;    1;   0.0;   0;    7.233;   0;   6.5;   6.2;  994.10;    7.4;   59.83;   13.2;    3.0;    0.8;eor
       3987;20220215;    1;  12.4;   4.6;    1;   0.6;   6;    2.183;   0;   7.0;   7.2;  997.05;    6.4;   75.75;    9.6;    3.9;   -0.1;eor
       3987;20220216;    1;  22.8;   7.5;    1;   8.1;   6;    0.000;   0;   7.9;   8.9;  985.29;    7.2;   86.67;   12.4;    4.1;    2.8;eor
       3987;20220217;    1;  31.1;  12.4;    1;   0.2;   6;    2.467;   0;   6.3;   7.5;  980.82;    7.9;   69.63;   12.5;    4.9;    2.9;eor
       3987;20220218;    1;  31.3;   7.9;    1;   2.0;   6;    0.267;   0;   5.7;   7.4;  988.14;    6.3;   77.04;   10.8;    2.3;   -0.8;eor
       3987;20220219;    1;  30.4;  10.7;    1;   2.9;   6;    1.267;   0;   6.8;   5.4;  993.09;    5.5;   60.58;    7.4;    2.0;   -1.4;eor
       3987;20220220;    1;  18.0;   6.5;    1;   7.8;   6;    0.400;   0;   7.6;   8.3;  991.49;    5.1;   93.08;    8.2;    1.9;    1.5;eor
       3987;20220221;    1;  26.0;   8.8;    1;   2.8;   6;    0.850;   0;   7.3;   7.1;  982.26;    5.3;   79.63;   10.4;    2.9;    1.7;eor
       3987;20220222;    1;  20.1;   7.3;    1;   1.3;   6;    2.583;   0;   7.3;   7.1;  998.28;    5.1;   80.58;    7.5;    3.2;    1.8;eor
       3987;20220223;    1;  17.8;   7.2;    1;   0.0;   0;    7.100;   0;   3.5;   6.7; 1007.91;    5.9;   72.46;    9.5;    2.2;   -2.0;eor
       3987;20220224;    1;  28.6;   6.9;    1;   0.2;   6;    1.233;   0;   5.8;   6.7;  999.63;    5.7;   72.71;    9.8;    1.2;   -2.3;eor
       3987;20220225;    1;  17.5;   6.6;    1;   0.1;   6;    3.000;   0;   5.8;   6.2; 1004.56;    3.8;   77.63;    7.3;    0.6;   -2.0;eor
       3987;20220226;    1;  10.9;   3.8;    1;   0.0;   0;    0.067;   0;   6.4;   6.5; 1019.43;    3.8;   80.83;    6.9;   -0.7;   -4.5;eor
       3987;20220227;    1;   8.3;   3.6;    1;   0.0;   0;    9.400;   0;   2.4;   5.9; 1024.85;    1.4;   88.96;    8.4;   -2.3;   -6.4;eor
       3987;20220228;    1;   7.8;   3.0;    1;   0.0;   0;    7.283;   0;   3.6;   4.9; 1023.90;    1.0;   75.96;    6.2;   -2.4;   -6.3;eor
       3987;20220301;    1;   9.1;   3.9;    1;   0.0;   0;    9.883;   0;   2.4;   3.6; 1020.11;    1.2;   57.38;    7.7;   -4.4;   -8.6;eor
